Number_of_Instances_In_Current_Batch: 4

Inst_Index:13 	 City_Num:200 	 Concorde:20.688682 	 MCTS:20.669579 Improve:0.019103 	 Time:2.00 Seconds
Solution: 1 4 8 181 180 37 11 96 114 142 122 152 199 169 20 103 145 153 177 127 77 150 45 116 101 87 182 42 51 125 74 18 94 158 12 167 48 131 171 80 141 188 72 36 105 70 7 136 34 176 102 39 29 69 118 26 194 50 117 56 17 59 112 63 160 62 41 79 22 155 197 57 173 76 133 65 98 107 60 178 46 161 168 61 43 73 47 58 14 82 27 175 91 120 200 143 174 138 163 186 111 53 40 139 24 135 5 146 25 165 54 68 85 187 81 192 95 149 75 71 38 124 35 184 144 190 92 93 154 33 90 10 159 55 110 185 156 123 115 157 16 198 113 147 179 28 134 137 166 2 172 119 164 84 67 13 195 64 21 170 88 19 15 99 89 31 183 6 97 104 108 132 52 32 78 66 128 148 106 100 30 3 121 189 140 196 49 191 162 23 44 129 109 130 86 9 151 126 83 193 

Inst_Index:14 	 City_Num:200 	 Concorde:21.587925 	 MCTS:21.557271 Improve:0.030654 	 Time:2.00 Seconds
Solution: 1 10 33 133 17 151 100 180 92 134 60 136 8 124 147 25 189 30 145 61 51 45 32 28 39 107 156 63 59 173 131 176 108 26 103 137 190 31 44 54 192 96 48 112 111 62 24 90 113 50 70 159 93 181 132 130 125 6 106 36 152 178 46 127 12 68 171 7 20 77 34 42 47 21 157 129 185 170 82 16 79 149 89 110 193 128 18 148 188 138 186 121 19 23 13 114 40 140 9 174 73 126 158 187 141 135 29 74 198 101 85 80 91 142 120 146 22 49 37 86 154 179 84 162 194 104 197 67 109 99 160 57 200 191 150 199 119 75 169 15 117 64 78 94 95 153 164 38 163 88 122 161 72 5 184 55 83 167 58 143 183 155 98 115 35 175 69 116 97 144 172 105 195 27 87 102 177 81 76 165 168 182 123 41 118 3 66 14 71 166 53 4 43 196 52 56 2 65 139 11 

Inst_Index:15 	 City_Num:200 	 Concorde:21.752848 	 MCTS:21.717494 Improve:0.035354 	 Time:2.00 Seconds
Solution: 1 100 140 75 114 172 160 24 53 135 93 163 150 105 129 15 106 136 5 63 83 91 28 190 18 154 57 188 64 39 145 181 162 36 118 157 62 43 81 97 195 19 198 65 174 144 9 159 45 4 177 123 107 23 96 167 147 34 168 191 152 37 68 25 78 44 130 2 164 134 193 182 149 116 125 54 186 21 22 59 187 151 20 89 66 178 132 60 192 197 189 158 79 170 80 40 14 184 58 131 72 13 33 51 12 31 199 32 109 7 180 113 76 179 55 88 119 98 95 77 49 161 155 117 121 86 56 122 127 17 48 70 47 200 3 38 115 35 87 146 124 103 196 30 42 194 61 139 69 138 173 101 85 112 165 73 67 90 84 71 26 111 74 27 156 153 52 102 171 176 142 133 6 94 141 16 126 175 29 110 41 169 104 8 10 148 92 50 143 82 166 185 46 137 128 99 11 183 120 108 

Inst_Index:16 	 City_Num:200 	 Concorde:21.531921 	 MCTS:21.487044 Improve:0.044878 	 Time:2.00 Seconds
Solution: 1 70 20 123 133 159 104 192 110 115 25 196 38 27 18 96 149 158 71 9 186 66 198 99 42 166 84 147 127 150 13 141 11 170 86 178 145 120 41 81 132 51 46 199 111 58 94 55 140 154 37 49 6 184 144 107 32 148 179 176 167 78 50 14 156 28 189 151 64 45 112 54 114 29 135 98 174 59 118 85 76 146 195 169 182 19 36 190 183 73 125 90 164 8 95 129 65 68 143 74 172 88 124 165 40 177 53 152 153 39 26 4 22 109 173 113 30 100 44 80 56 102 23 67 34 157 180 60 17 139 128 35 69 161 105 162 155 3 197 106 117 185 116 122 194 130 191 108 171 93 15 134 92 33 181 12 61 160 24 47 83 75 193 119 97 138 168 31 57 91 87 10 137 121 175 16 72 79 43 142 52 89 131 5 7 101 200 136 63 188 21 126 77 2 62 82 103 187 48 163 


Index_In_Batch: 3, Avg_Concorde_Distance: 21.390344 Avg_MCTS_Distance: 21.357847 Avg_Gap: -0.001513 Total_Time: 9.00 Seconds 
 Beat_Best_Known_Times: 4 Match_Best_Known_Times: 0 Miss_Best_Known_Times: 0 
