Number_of_Instances_In_Current_Batch: 4

Inst_Index:105 	 City_Num:200 	 Concorde:21.832143 	 MCTS:21.880928 Improve:-0.048785 	 Time:8.00 Seconds
Solution: 1 4 200 66 76 121 163 91 189 161 191 86 115 142 111 30 84 162 197 145 193 113 90 103 25 108 110 72 117 12 87 26 129 151 57 71 46 183 168 182 56 6 164 45 78 186 65 69 54 85 94 135 24 175 127 125 150 157 3 37 165 68 33 173 34 184 44 97 62 98 144 154 114 92 29 190 2 39 55 81 195 109 139 159 160 120 152 123 177 128 53 188 130 156 21 107 146 132 7 170 38 13 40 35 93 180 178 99 31 20 149 32 179 126 52 8 187 43 199 176 89 140 82 36 19 174 102 88 167 166 148 192 153 18 47 83 5 134 112 122 185 15 172 11 171 104 23 100 61 60 17 28 138 143 51 59 73 22 49 14 48 9 105 16 64 181 137 198 101 196 147 75 41 95 63 155 27 96 67 194 70 116 119 124 10 133 131 79 169 106 77 50 80 74 58 42 136 141 118 158 

Inst_Index:106 	 City_Num:200 	 Concorde:21.969092 	 MCTS:21.976079 Improve:-0.006987 	 Time:8.01 Seconds
Solution: 1 82 38 141 65 28 53 55 86 8 89 137 178 160 166 150 185 96 41 164 71 130 153 95 183 198 176 193 83 45 168 167 136 195 34 85 90 108 35 157 29 72 30 135 67 173 61 152 124 172 113 196 159 111 88 73 70 52 51 36 128 122 194 27 87 112 63 9 6 169 50 99 33 59 155 47 17 7 40 146 100 101 54 154 18 151 39 81 13 3 58 20 106 91 182 126 56 188 186 184 179 57 48 140 37 147 142 21 134 192 12 190 127 165 145 117 170 104 139 78 84 197 107 118 149 133 14 97 93 75 42 32 24 175 148 16 105 80 22 109 110 94 68 31 60 116 5 138 64 174 162 187 180 177 74 119 92 131 69 132 163 144 114 10 121 44 43 19 103 76 123 189 120 2 77 46 143 191 79 23 26 15 66 115 200 102 125 62 156 158 11 4 129 181 98 25 161 49 199 171 

Inst_Index:107 	 City_Num:200 	 Concorde:22.257999 	 MCTS:22.349908 Improve:-0.091909 	 Time:8.00 Seconds
Solution: 1 110 183 44 42 22 8 105 196 149 97 172 171 69 11 177 37 147 70 43 130 6 174 136 132 160 104 115 137 118 2 27 24 96 107 48 170 74 67 52 49 12 138 30 125 71 195 85 10 192 92 103 146 5 140 40 100 80 128 7 81 98 16 150 165 117 127 199 84 3 161 108 89 180 33 94 41 59 167 91 83 157 23 145 123 60 121 99 154 39 56 151 153 198 168 57 47 61 19 200 35 142 155 152 148 109 34 164 102 163 82 126 186 181 63 17 28 178 112 54 106 77 114 173 131 31 176 189 65 95 53 62 179 76 78 68 26 13 113 144 162 20 79 194 75 159 36 66 197 141 133 87 101 18 111 46 25 14 45 58 158 116 119 143 72 32 134 86 135 55 73 188 129 88 156 182 50 184 193 4 93 166 64 120 38 169 51 122 21 185 190 139 90 124 29 15 191 187 9 175 

Inst_Index:108 	 City_Num:200 	 Concorde:21.222829 	 MCTS:21.262114 Improve:-0.039285 	 Time:8.00 Seconds
Solution: 1 53 32 88 122 95 191 158 6 93 70 96 129 37 144 165 20 120 60 147 163 157 182 45 66 190 64 160 68 9 12 85 75 39 44 69 97 38 155 49 123 109 63 52 94 126 150 82 119 193 18 145 138 149 7 112 55 124 110 2 21 127 23 171 91 111 46 43 128 73 40 178 173 167 184 58 34 99 125 192 33 107 71 79 83 148 77 101 104 200 169 14 135 185 36 115 41 16 8 57 100 154 176 102 10 3 156 29 103 19 78 159 76 84 188 42 180 131 168 197 177 98 50 113 118 61 4 141 51 136 24 194 174 175 195 162 15 80 116 179 164 172 198 81 25 89 117 11 62 170 22 27 121 132 130 140 86 105 56 67 134 196 72 137 13 153 65 133 146 106 48 108 183 47 187 142 31 28 92 87 5 152 90 139 35 166 143 30 17 26 74 181 189 186 151 199 54 161 59 114 


Index_In_Batch: 26, Avg_Concorde_Distance: 21.820516 Avg_MCTS_Distance: 21.867257 Avg_Gap: 0.002133 Total_Time: 33.06 Seconds 
 Beat_Best_Known_Times: 0 Match_Best_Known_Times: 0 Miss_Best_Known_Times: 4 
