Number_of_Instances_In_Current_Batch: 4

Inst_Index:73 	 City_Num:200 	 Concorde:20.466676 	 MCTS:20.446885 Improve:0.019791 	 Time:2.00 Seconds
Solution: 1 62 26 105 59 21 31 82 49 29 167 83 139 196 98 158 171 77 70 97 114 156 30 58 160 92 44 107 170 68 198 57 169 40 178 33 134 35 104 161 14 27 189 125 55 143 90 123 73 48 72 115 91 47 64 188 185 175 86 136 5 10 42 109 56 39 41 102 110 6 18 113 3 101 2 138 163 71 106 111 16 200 173 38 183 179 199 119 15 146 8 78 151 46 176 65 85 133 153 11 191 93 69 154 150 128 122 193 37 36 79 75 61 95 172 148 141 145 195 25 96 87 135 166 4 20 88 147 184 194 100 50 157 168 142 34 174 80 190 74 129 187 155 9 51 103 67 127 53 89 22 137 162 76 66 84 130 164 19 165 60 186 13 32 112 177 94 120 144 81 17 45 12 149 140 52 124 132 180 28 118 192 197 152 23 54 181 182 7 121 63 159 108 131 43 116 24 126 117 99 

Inst_Index:74 	 City_Num:200 	 Concorde:21.752222 	 MCTS:21.738603 Improve:0.013619 	 Time:2.00 Seconds
Solution: 1 9 89 112 180 113 54 11 181 156 37 103 172 47 193 13 151 44 109 154 196 122 80 41 199 115 106 119 31 192 168 57 68 58 126 133 66 7 28 141 56 36 107 197 14 186 91 39 157 8 92 174 53 55 86 137 60 46 95 70 64 45 88 184 149 185 177 139 104 111 160 40 35 117 51 63 130 162 61 183 143 78 165 187 75 25 166 71 101 146 190 147 123 164 153 23 161 129 76 167 49 65 200 194 110 34 82 32 189 134 118 52 102 175 73 148 120 43 135 30 79 127 150 18 26 132 105 100 128 90 170 171 140 16 179 87 48 145 38 97 84 83 19 74 198 136 182 173 116 10 17 33 5 20 72 42 158 163 131 12 77 114 152 178 50 188 159 29 67 59 3 155 81 27 22 191 85 169 2 4 62 24 94 125 96 138 99 15 98 195 93 69 124 142 121 6 108 144 176 21 

Inst_Index:75 	 City_Num:200 	 Concorde:21.693692 	 MCTS:21.635826 Improve:0.057866 	 Time:2.00 Seconds
Solution: 1 122 166 81 42 40 35 181 175 32 49 47 37 108 101 186 79 39 66 178 68 145 168 157 97 160 102 147 183 61 126 3 57 139 63 94 27 172 159 116 190 8 54 118 43 137 99 33 128 78 184 111 75 29 17 156 16 56 195 12 177 65 129 167 127 55 110 87 188 6 171 114 196 148 123 104 197 7 199 64 19 13 125 73 141 30 193 14 26 20 192 41 83 34 46 136 124 153 165 52 132 105 88 15 38 86 173 119 143 2 120 4 113 28 149 163 92 11 151 53 117 60 58 96 164 25 103 70 71 185 187 150 5 22 85 161 80 107 91 31 155 93 89 9 109 74 158 90 48 174 154 189 194 100 180 24 134 67 138 162 131 182 144 112 10 191 18 50 69 142 115 200 130 84 95 98 77 82 169 23 21 152 121 36 133 140 170 44 76 59 179 146 176 106 45 72 198 51 62 135 

Inst_Index:76 	 City_Num:200 	 Concorde:21.361205 	 MCTS:21.340949 Improve:0.020256 	 Time:2.00 Seconds
Solution: 1 165 142 114 68 97 195 177 109 65 74 41 123 9 158 66 60 93 61 91 99 148 23 124 94 144 7 155 96 130 173 166 107 31 15 128 32 63 52 13 53 115 82 139 147 187 76 185 171 140 12 163 172 132 112 117 161 70 183 152 38 62 5 25 84 159 50 102 197 184 95 79 3 56 18 190 86 64 191 35 55 59 104 157 193 164 27 198 181 170 194 169 145 87 44 33 154 192 105 29 150 81 21 48 83 73 17 126 101 119 51 151 34 168 71 129 37 77 122 6 120 108 196 125 162 189 89 160 110 11 134 176 100 67 80 180 57 20 8 26 149 156 137 133 88 98 78 135 30 182 43 39 47 103 143 42 16 45 199 10 153 92 85 72 14 49 131 75 24 113 141 136 106 40 46 138 4 2 174 146 167 22 58 200 36 111 127 54 188 186 118 28 19 121 175 178 69 116 90 179 


Index_In_Batch: 18, Avg_Concorde_Distance: 21.318449 Avg_MCTS_Distance: 21.290566 Avg_Gap: -0.001302 Total_Time: 9.00 Seconds 
 Beat_Best_Known_Times: 4 Match_Best_Known_Times: 0 Miss_Best_Known_Times: 0 
