Number_of_Instances_In_Current_Batch: 4

Inst_Index:29 	 City_Num:200 	 Concorde:22.198258 	 MCTS:22.199085 Improve:-0.000827 	 Time:8.00 Seconds
Solution: 1 18 106 185 127 68 98 8 86 81 67 198 99 45 193 40 41 50 60 28 11 109 35 142 4 5 130 121 131 111 85 69 39 157 97 136 122 43 194 10 54 17 94 27 195 151 172 168 189 37 82 83 105 183 152 178 12 56 29 48 93 95 113 132 103 167 42 192 61 79 13 112 119 125 182 90 124 70 87 63 88 23 144 163 135 117 149 128 31 173 156 80 174 171 2 199 197 162 20 139 153 36 181 138 66 89 72 73 116 177 26 57 170 65 74 187 145 77 22 102 166 15 3 150 107 186 154 134 33 92 6 155 30 188 49 179 71 120 38 169 46 76 175 19 191 7 84 200 141 52 196 75 62 118 47 64 100 96 32 137 165 58 114 190 140 51 55 78 147 123 143 25 159 115 160 146 108 9 101 176 91 148 110 164 158 184 126 34 16 161 59 21 14 44 24 129 53 180 133 104 

Inst_Index:30 	 City_Num:200 	 Concorde:21.790044 	 MCTS:21.867611 Improve:-0.077567 	 Time:8.00 Seconds
Solution: 1 95 183 160 105 72 85 142 3 24 44 96 8 122 18 33 180 151 36 104 61 98 120 106 26 81 182 126 65 114 132 25 164 174 7 29 166 125 197 67 94 79 74 83 55 195 139 52 78 4 155 149 53 89 9 35 84 186 187 156 102 137 100 170 12 51 199 32 177 169 62 93 109 39 115 184 117 171 163 103 21 152 190 20 57 196 200 134 42 128 176 82 14 108 58 130 124 173 193 138 56 179 23 90 54 97 189 38 77 116 37 129 46 40 172 178 131 111 141 158 110 13 70 48 133 64 28 16 15 41 99 5 188 167 49 69 66 6 88 22 86 175 113 127 11 198 112 165 63 192 60 140 92 146 161 185 194 101 10 159 43 157 34 80 181 119 150 19 147 118 145 135 73 50 59 31 191 76 91 45 136 30 162 17 47 143 27 144 153 71 2 107 68 87 168 75 121 148 123 154 

Inst_Index:31 	 City_Num:200 	 Concorde:21.608915 	 MCTS:21.755812 Improve:-0.146896 	 Time:8.00 Seconds
Solution: 1 56 168 77 69 127 18 178 71 191 140 99 147 120 80 52 32 129 109 124 27 21 75 65 55 175 151 24 103 98 44 17 92 60 19 100 177 155 143 58 16 196 37 46 187 5 106 111 42 90 26 20 30 84 78 25 182 134 126 141 131 198 2 183 135 193 57 138 137 29 104 8 96 68 195 23 185 54 179 6 118 62 7 188 86 50 199 144 113 15 67 171 139 88 115 163 169 35 38 66 112 33 43 125 93 190 105 148 63 94 4 130 45 61 110 79 59 49 36 197 22 64 9 173 150 89 174 117 108 14 176 28 186 101 149 83 159 189 114 153 154 200 132 192 180 128 122 102 156 162 3 121 152 91 74 13 107 158 41 116 12 97 53 51 119 31 181 87 136 48 146 10 145 11 39 133 40 161 172 170 194 34 73 72 95 160 85 81 82 167 165 47 164 166 157 70 123 76 142 184 

Inst_Index:32 	 City_Num:200 	 Concorde:21.078582 	 MCTS:21.105691 Improve:-0.027108 	 Time:8.00 Seconds
Solution: 1 23 7 142 75 153 11 32 8 129 119 152 136 177 137 183 30 110 128 77 180 187 68 98 97 196 99 85 39 163 96 35 154 178 81 130 22 91 55 115 156 31 93 9 120 158 94 197 42 24 84 133 14 192 15 76 49 117 51 134 82 174 168 56 126 195 147 73 46 103 116 102 193 92 123 60 198 155 58 83 47 109 80 52 159 165 41 175 19 61 36 125 71 12 79 169 150 40 44 74 146 141 104 171 70 57 65 87 161 184 90 107 45 186 105 2 27 194 149 166 122 135 118 176 43 148 151 13 173 100 62 33 34 182 190 145 48 124 38 59 172 72 140 20 95 157 189 26 112 21 88 139 181 69 106 113 10 53 144 164 3 16 131 167 17 185 127 50 162 4 121 114 5 63 54 138 200 108 67 6 160 170 78 86 179 29 28 143 37 191 64 199 132 111 66 18 89 25 101 188 


Index_In_Batch: 7, Avg_Concorde_Distance: 21.668950 Avg_MCTS_Distance: 21.732050 Avg_Gap: 0.002920 Total_Time: 33.08 Seconds 
 Beat_Best_Known_Times: 0 Match_Best_Known_Times: 0 Miss_Best_Known_Times: 4 
