Number_of_Instances_In_Current_Batch: 4

Inst_Index:85 	 City_Num:200 	 Concorde:21.738933 	 MCTS:21.718101 Improve:0.020832 	 Time:2.00 Seconds
Solution: 1 59 77 75 15 111 189 142 136 53 110 138 169 43 123 174 76 122 154 159 73 126 131 28 158 197 68 195 137 139 23 100 21 155 19 117 91 69 12 42 104 175 18 85 86 194 5 183 49 103 32 127 26 16 116 31 166 87 94 2 130 80 82 67 152 177 193 34 192 71 29 107 99 6 40 144 185 114 88 58 157 102 162 63 70 145 146 106 191 121 173 119 11 101 55 161 44 95 57 74 8 61 178 200 184 109 39 105 3 133 124 129 176 199 113 17 190 140 118 24 92 148 151 78 46 96 168 143 150 186 108 51 60 141 81 98 45 167 52 172 9 84 50 36 163 66 25 128 165 10 89 181 93 198 187 170 14 38 79 62 7 179 56 48 41 149 164 54 156 72 135 20 90 97 196 13 33 112 132 115 180 125 160 64 4 22 120 35 182 134 153 171 47 147 83 30 27 37 188 65 

Inst_Index:86 	 City_Num:200 	 Concorde:21.127468 	 MCTS:21.099031 Improve:0.028437 	 Time:2.00 Seconds
Solution: 1 118 91 75 62 33 57 195 183 146 12 123 76 66 136 132 40 144 175 116 5 200 14 27 20 4 120 181 198 137 61 41 166 64 26 36 151 63 94 53 161 152 51 16 59 138 55 81 163 142 182 128 24 173 147 92 192 125 191 124 15 88 159 23 169 65 10 113 80 174 42 87 133 99 188 178 38 102 49 25 30 150 104 165 101 114 184 179 180 89 54 96 83 35 98 79 9 90 197 199 127 109 11 162 52 86 108 189 48 134 93 37 77 187 103 50 111 117 43 34 107 190 194 22 122 95 67 157 28 2 18 160 167 13 149 70 193 85 7 68 73 158 71 45 78 21 58 74 172 19 72 135 171 56 155 6 168 84 112 29 44 154 119 110 31 148 60 186 129 8 141 121 106 115 39 156 139 100 177 32 69 17 3 196 185 131 47 97 170 140 176 46 82 164 126 143 153 105 130 145 

Inst_Index:87 	 City_Num:200 	 Concorde:20.758163 	 MCTS:20.748143 Improve:0.010020 	 Time:2.00 Seconds
Solution: 1 37 173 6 15 106 16 123 187 81 137 169 97 68 36 64 9 148 184 150 93 140 174 147 44 57 4 172 88 105 30 23 22 113 110 48 33 53 107 18 91 84 25 103 95 28 24 167 66 135 10 200 192 188 55 12 186 130 129 80 34 166 109 102 11 71 47 138 108 116 164 74 170 20 114 76 111 168 132 177 54 160 175 85 119 155 104 94 21 157 59 46 87 145 79 38 183 98 112 163 162 149 40 7 194 143 92 73 63 197 99 65 181 178 189 82 49 136 161 39 185 50 159 176 42 69 13 152 67 142 154 62 3 117 198 96 126 171 78 122 115 144 26 118 75 41 5 124 29 101 43 58 128 196 83 125 52 156 19 139 190 35 45 131 61 17 146 121 60 2 134 31 27 195 193 141 32 86 8 153 199 179 158 165 51 89 127 72 120 70 151 90 180 77 191 100 14 182 56 133 

Inst_Index:88 	 City_Num:200 	 Concorde:21.229122 	 MCTS:21.222852 Improve:0.006270 	 Time:2.00 Seconds
Solution: 1 92 79 27 194 71 159 34 141 112 137 190 74 47 91 7 152 42 151 77 24 38 121 160 14 53 98 64 113 195 126 81 174 73 37 41 19 55 180 163 58 161 46 173 26 168 96 52 178 76 50 59 51 150 158 122 120 143 39 80 57 66 13 139 101 4 9 136 135 89 15 134 56 67 49 93 102 63 72 188 94 118 114 127 153 32 90 131 82 172 44 170 123 125 103 107 33 84 40 149 133 132 176 105 95 18 83 85 23 117 100 183 2 36 116 20 5 166 185 197 148 130 165 157 169 48 3 62 108 16 128 154 171 192 60 145 35 186 30 11 65 61 187 182 138 109 181 70 167 155 200 115 193 199 25 17 144 99 111 29 124 156 28 45 147 10 97 68 142 177 110 78 179 12 43 146 75 140 31 87 162 8 191 129 21 198 69 88 189 106 196 164 119 104 22 175 86 54 6 184 


Index_In_Batch: 21, Avg_Concorde_Distance: 21.213422 Avg_MCTS_Distance: 21.197032 Avg_Gap: -0.000771 Total_Time: 9.02 Seconds 
 Beat_Best_Known_Times: 4 Match_Best_Known_Times: 0 Miss_Best_Known_Times: 0 
