Number_of_Instances_In_Current_Batch: 4

Inst_Index:105 	 City_Num:200 	 Concorde:21.832143 	 MCTS:21.831919 Improve:0.000224 	 Time:2.00 Seconds
Solution: 1 4 200 66 76 121 163 91 189 161 191 86 115 142 111 30 84 162 197 145 193 113 90 103 25 108 110 72 117 12 87 26 129 151 57 71 46 183 168 182 56 6 164 45 78 186 65 69 54 85 94 135 24 175 127 125 150 157 3 37 165 68 33 173 34 184 44 97 62 98 144 154 114 92 29 190 2 39 55 81 195 109 139 159 160 120 152 123 177 128 53 40 13 38 170 188 130 156 21 107 146 7 132 36 82 140 89 176 19 174 102 88 167 166 18 47 153 148 192 43 187 199 93 35 180 178 99 31 20 149 32 179 126 52 8 83 5 134 112 122 185 15 172 11 171 104 23 100 61 60 17 28 138 143 51 59 73 22 49 14 48 9 105 16 64 181 137 198 101 196 147 75 116 119 124 194 70 41 95 63 67 155 27 96 10 133 131 79 169 106 77 50 80 74 58 42 136 141 118 158 

Inst_Index:106 	 City_Num:200 	 Concorde:21.969092 	 MCTS:21.934733 Improve:0.034359 	 Time:2.00 Seconds
Solution: 1 79 23 26 15 66 115 200 102 81 13 3 58 20 106 91 182 126 56 188 186 184 179 57 48 140 37 147 142 21 134 192 12 190 127 165 145 117 170 104 139 78 84 197 107 118 149 133 14 97 93 75 42 32 24 175 191 143 46 148 16 105 80 22 109 110 94 68 31 60 116 5 138 64 174 162 187 180 177 74 119 92 131 69 132 163 144 114 10 121 44 43 19 103 76 123 189 120 77 2 38 82 141 65 28 53 55 86 8 89 137 178 160 166 150 185 96 41 164 71 130 153 95 183 198 176 193 83 45 168 167 136 195 34 85 90 108 35 157 29 72 30 135 67 173 61 152 124 172 113 196 159 111 88 73 70 6 169 50 9 51 52 36 128 122 194 27 87 112 63 154 18 54 17 155 47 33 99 59 40 7 146 100 101 39 151 125 62 156 158 11 4 129 181 98 25 161 49 199 171 

Inst_Index:107 	 City_Num:200 	 Concorde:22.257999 	 MCTS:22.235233 Improve:0.022766 	 Time:2.00 Seconds
Solution: 1 110 183 44 42 22 8 105 196 160 104 115 136 132 172 149 97 171 69 11 177 37 147 70 43 130 6 174 118 137 52 67 74 170 48 107 96 24 27 2 161 3 108 89 180 33 94 41 59 167 91 83 157 23 145 123 60 121 99 154 39 56 151 153 198 168 57 47 61 19 200 35 142 155 152 148 109 34 164 102 163 82 126 186 181 63 17 28 178 112 114 77 106 54 16 150 98 165 117 127 199 84 7 81 128 80 100 40 140 133 141 197 66 31 176 131 173 189 65 95 53 62 179 76 78 68 26 13 113 144 162 20 79 194 75 36 159 87 101 18 111 46 25 14 45 58 158 116 119 143 72 32 134 86 146 5 103 135 55 188 73 192 92 10 85 195 71 93 4 193 88 129 156 182 50 184 166 64 120 38 169 51 122 21 185 190 139 90 124 30 125 138 12 49 29 15 191 187 9 175 

Inst_Index:108 	 City_Num:200 	 Concorde:21.222829 	 MCTS:21.198995 Improve:0.023834 	 Time:2.00 Seconds
Solution: 1 53 6 158 191 32 88 95 122 142 31 28 92 187 47 183 108 48 106 146 133 65 153 13 137 72 196 134 67 56 105 86 140 130 132 121 27 22 170 62 87 5 11 117 89 25 81 198 172 164 179 116 80 15 162 195 175 174 194 24 136 51 141 4 61 118 113 50 98 177 197 168 131 180 42 188 84 78 159 76 57 8 100 154 176 102 10 3 156 19 103 29 173 178 40 73 128 43 46 111 91 171 23 127 21 124 110 2 123 109 38 97 69 44 39 155 49 63 52 94 126 150 82 119 193 18 145 138 149 7 112 55 184 167 58 34 99 125 192 33 107 71 79 16 41 115 36 185 135 14 169 200 104 101 77 148 83 90 152 139 35 166 143 26 30 17 182 45 66 75 12 9 85 190 64 160 68 144 165 37 129 96 70 93 20 120 60 147 163 157 74 181 189 186 151 199 54 161 59 114 


Index_In_Batch: 26, Avg_Concorde_Distance: 21.820516 Avg_MCTS_Distance: 21.800220 Avg_Gap: -0.000930 Total_Time: 9.00 Seconds 
 Beat_Best_Known_Times: 4 Match_Best_Known_Times: 0 Miss_Best_Known_Times: 0 
