Number_of_Instances_In_Current_Batch: 4

Inst_Index:53 	 City_Num:200 	 Concorde:21.467755 	 MCTS:21.454592 Improve:0.013163 	 Time:8.00 Seconds
Solution: 1 53 186 28 102 88 127 43 151 169 160 52 136 29 124 137 147 134 163 165 65 75 63 11 82 54 57 109 200 92 172 195 146 7 25 93 4 67 20 86 18 66 42 58 112 40 178 182 72 138 122 51 56 133 129 94 95 164 187 143 193 83 148 174 78 36 62 190 110 35 185 98 156 69 46 8 17 33 74 142 119 73 44 125 140 154 3 97 50 179 37 5 16 45 171 71 30 105 153 150 175 166 176 15 77 103 21 155 60 14 104 24 117 31 173 90 184 26 6 168 47 13 139 199 9 167 149 85 196 197 68 192 19 180 70 114 107 116 126 111 115 162 32 170 159 64 183 41 118 135 100 84 123 12 76 158 106 34 87 91 128 108 59 61 101 2 194 49 141 48 79 152 188 81 96 39 145 120 144 80 157 38 113 189 181 161 27 191 198 130 121 99 55 23 22 10 177 89 131 132 

Inst_Index:54 	 City_Num:200 	 Concorde:22.074044 	 MCTS:22.063766 Improve:0.010279 	 Time:8.01 Seconds
Solution: 1 29 82 11 69 63 176 47 123 99 70 141 157 50 107 12 174 125 65 161 42 53 66 198 143 79 154 5 121 158 6 9 91 162 24 30 194 132 31 10 80 7 87 14 191 54 39 18 115 131 77 38 19 61 3 170 95 199 43 137 119 52 73 189 168 145 88 72 101 136 86 187 62 169 183 34 126 177 186 200 159 89 188 133 25 106 26 15 74 171 140 84 138 48 32 90 128 55 164 108 150 17 41 85 129 172 92 179 28 8 147 116 45 58 120 112 16 71 122 27 20 139 185 96 144 117 180 56 192 68 148 75 83 184 57 124 97 33 76 193 181 46 156 190 127 182 105 109 51 40 196 59 149 64 94 49 13 160 163 2 130 118 134 151 22 197 175 155 23 37 167 152 114 110 153 103 93 166 35 173 78 195 100 113 4 146 67 44 36 111 21 142 104 81 98 60 135 178 102 165 

Inst_Index:55 	 City_Num:200 	 Concorde:21.682165 	 MCTS:21.962444 Improve:-0.280279 	 Time:8.00 Seconds
Solution: 1 111 18 94 113 150 153 72 20 23 56 8 29 61 195 193 148 82 33 79 62 187 65 174 138 166 181 179 132 60 10 37 71 199 68 25 114 76 14 11 12 86 105 101 15 173 28 145 146 123 46 152 142 186 22 16 66 159 106 170 9 171 85 78 139 121 57 24 99 89 48 5 198 103 128 64 116 200 54 42 70 183 67 51 45 194 92 88 163 31 75 81 73 149 34 7 168 52 40 47 107 167 162 91 122 133 197 77 109 192 120 17 2 126 108 189 27 178 157 182 135 4 130 188 143 30 97 140 55 96 80 169 90 196 144 141 125 134 3 26 36 112 191 50 177 129 164 19 95 41 13 35 156 184 117 176 127 44 115 180 155 124 38 6 87 151 83 53 69 93 32 136 21 147 74 131 98 160 172 110 154 59 100 137 58 119 175 63 49 102 118 161 190 39 185 84 165 43 104 158 

Inst_Index:56 	 City_Num:200 	 Concorde:22.084235 	 MCTS:22.111164 Improve:-0.026929 	 Time:8.00 Seconds
Solution: 1 2 50 123 34 111 175 85 101 28 72 68 153 9 200 21 30 97 90 157 190 176 131 96 112 114 29 11 55 119 161 187 48 178 135 194 129 196 108 43 37 8 124 188 137 89 146 52 27 23 4 65 10 94 136 49 109 156 163 19 174 189 184 107 110 148 63 117 91 121 195 199 79 164 141 118 25 95 18 169 122 51 44 22 181 84 80 162 83 35 38 185 59 7 36 5 78 93 71 170 183 46 143 39 16 116 140 64 160 61 88 53 177 105 113 67 179 69 47 82 3 103 54 75 166 139 126 87 15 138 73 77 20 102 14 133 45 182 17 191 58 172 158 142 149 115 171 193 99 167 120 98 24 42 150 147 6 13 57 56 198 104 31 32 159 165 180 154 60 151 81 41 74 152 134 12 125 197 92 144 40 100 192 76 168 186 26 130 106 33 155 62 70 132 127 145 128 66 86 173 


Index_In_Batch: 13, Avg_Concorde_Distance: 21.827050 Avg_MCTS_Distance: 21.897992 Avg_Gap: 0.003267 Total_Time: 33.09 Seconds 
 Beat_Best_Known_Times: 2 Match_Best_Known_Times: 0 Miss_Best_Known_Times: 2 
