Number_of_Instances_In_Current_Batch: 4

Inst_Index:65 	 City_Num:200 	 Concorde:21.678493 	 MCTS:21.702975 Improve:-0.024482 	 Time:8.00 Seconds
Solution: 1 87 29 174 26 120 132 41 123 5 125 145 107 85 40 20 165 77 42 200 43 172 180 129 199 23 175 16 53 138 162 34 55 73 52 72 182 74 193 115 127 76 160 140 111 56 75 8 11 78 142 126 84 144 90 149 4 166 45 24 139 154 164 158 35 190 86 170 37 118 95 151 186 169 19 168 177 83 98 36 92 12 128 163 108 178 71 89 110 171 184 57 28 48 67 146 66 50 143 198 147 173 39 68 188 58 49 112 185 61 6 31 79 113 60 135 18 196 54 136 30 187 69 104 82 105 91 131 94 2 65 103 38 62 101 88 117 159 167 46 189 17 134 197 32 155 80 10 150 141 181 15 124 102 25 153 44 27 9 137 157 176 51 191 3 59 106 13 47 63 130 148 156 122 96 152 14 192 99 100 195 116 93 7 97 21 64 114 70 33 161 119 183 109 194 81 121 22 179 133 

Inst_Index:66 	 City_Num:200 	 Concorde:20.494937 	 MCTS:20.510684 Improve:-0.015747 	 Time:8.00 Seconds
Solution: 1 152 56 148 139 155 8 29 130 20 28 160 124 41 147 88 193 111 199 150 186 11 140 60 159 54 145 181 76 132 108 154 78 82 22 65 26 115 120 191 21 42 99 85 179 19 77 144 197 43 112 123 79 49 4 110 95 93 136 151 31 55 135 12 96 30 51 50 14 104 67 177 109 153 70 24 166 44 102 192 71 59 90 101 91 170 69 18 103 66 15 47 158 121 2 195 180 137 141 48 6 198 33 89 38 98 35 173 129 169 134 122 128 13 74 164 157 194 80 107 183 86 146 106 184 68 196 53 162 97 117 40 83 10 23 32 25 63 163 87 27 119 64 57 16 45 172 58 187 131 127 73 182 138 113 37 114 189 174 200 36 133 39 165 34 185 81 188 7 171 52 75 125 126 72 190 100 167 149 62 118 116 178 3 105 84 61 46 175 17 176 143 168 142 5 94 92 9 161 156 

Inst_Index:67 	 City_Num:200 	 Concorde:21.496514 	 MCTS:21.489685 Improve:0.006830 	 Time:8.00 Seconds
Solution: 1 117 86 119 46 33 74 153 124 71 23 139 72 26 39 185 179 166 36 164 34 66 156 75 29 2 91 155 109 160 116 141 143 118 177 64 96 54 56 137 8 57 197 92 147 172 111 114 50 18 173 113 125 10 171 168 182 178 15 84 62 7 107 144 63 68 189 142 35 22 192 30 69 83 27 67 176 159 194 38 13 55 174 61 65 93 47 200 88 16 198 181 163 157 101 52 165 5 133 106 138 41 99 195 140 146 49 25 20 31 21 70 43 80 128 58 188 191 131 60 167 151 169 199 37 48 196 81 121 149 180 150 17 104 100 152 127 73 145 175 132 120 105 19 183 130 12 136 32 51 11 158 94 193 97 98 45 40 90 28 3 85 76 44 154 129 6 112 110 24 170 108 79 4 148 103 115 161 9 186 134 59 53 184 14 126 162 78 123 82 187 42 95 122 87 77 102 190 89 135 

Inst_Index:68 	 City_Num:200 	 Concorde:20.973357 	 MCTS:20.967302 Improve:0.006056 	 Time:8.01 Seconds
Solution: 1 5 23 141 169 123 14 133 62 176 118 122 162 48 125 140 165 139 195 151 120 189 85 90 21 127 50 61 142 136 87 154 26 76 157 25 34 116 54 150 194 73 111 60 119 12 103 174 108 74 197 13 77 100 91 178 159 94 101 181 99 4 112 188 66 138 155 173 146 187 65 152 175 167 121 115 38 9 161 117 2 29 44 33 185 105 107 7 148 55 88 86 84 64 144 79 102 11 182 114 131 27 10 36 199 52 104 31 164 95 37 30 16 70 17 56 191 193 160 41 180 19 43 149 106 184 171 58 96 15 32 166 143 83 67 47 177 196 153 63 18 93 42 129 24 81 135 80 172 183 132 186 109 3 39 145 156 170 158 130 163 179 8 168 147 89 92 97 134 53 49 71 98 20 46 59 28 22 190 75 198 82 124 110 69 137 200 68 35 51 6 128 113 45 126 40 57 192 78 72 


Index_In_Batch: 16, Avg_Concorde_Distance: 21.160825 Avg_MCTS_Distance: 21.167661 Avg_Gap: 0.000323 Total_Time: 33.08 Seconds 
 Beat_Best_Known_Times: 2 Match_Best_Known_Times: 0 Miss_Best_Known_Times: 2 
