Number_of_Instances_In_Current_Batch: 4

Inst_Index:93 	 City_Num:200 	 Concorde:21.259140 	 MCTS:21.359379 Improve:-0.100239 	 Time:8.01 Seconds
Solution: 1 33 170 78 161 123 47 135 146 64 165 189 43 100 115 75 95 156 45 167 48 138 27 193 57 72 185 194 148 126 84 10 30 117 188 2 103 127 128 6 125 3 120 63 124 129 136 90 184 67 23 94 50 35 169 186 168 180 109 18 52 141 15 5 122 163 53 154 155 149 31 130 121 177 9 191 187 181 44 99 26 134 22 37 97 98 13 56 76 79 41 113 137 73 66 133 93 143 157 195 158 49 119 38 104 16 145 192 96 46 36 102 55 39 7 197 77 175 86 106 159 69 89 178 62 147 114 12 92 17 174 116 71 40 19 29 112 14 166 74 8 183 60 150 176 11 54 118 190 139 131 173 105 4 82 21 91 140 110 81 164 85 88 87 101 83 68 108 196 198 200 24 132 70 20 34 28 171 142 111 160 179 162 25 51 172 58 32 182 80 199 61 144 153 107 151 152 42 65 59 

Inst_Index:94 	 City_Num:200 	 Concorde:21.668141 	 MCTS:21.652721 Improve:0.015420 	 Time:8.00 Seconds
Solution: 1 17 110 192 73 59 147 71 140 56 182 154 121 58 175 176 97 114 124 51 138 189 19 171 198 85 81 162 157 46 60 107 196 139 34 87 115 35 11 41 55 135 119 77 83 7 193 195 179 31 78 99 117 160 44 197 29 185 23 164 20 183 45 5 116 166 2 148 153 9 178 159 186 3 145 100 28 118 120 65 49 143 80 105 113 24 184 150 106 89 95 25 102 48 127 21 174 172 13 151 137 64 82 43 74 47 92 22 93 122 68 187 181 38 163 33 141 69 136 169 123 161 79 98 26 75 149 191 101 133 42 4 76 128 129 8 180 32 37 57 103 15 144 170 158 167 177 30 12 173 72 86 108 63 104 27 112 6 67 96 91 88 111 146 18 199 165 155 62 90 152 50 70 194 130 109 188 16 142 66 40 39 156 14 36 10 132 54 190 168 200 84 134 126 61 125 52 53 94 131 

Inst_Index:95 	 City_Num:200 	 Concorde:22.334263 	 MCTS:22.296691 Improve:0.037572 	 Time:8.00 Seconds
Solution: 1 32 131 64 96 100 194 67 152 182 41 80 79 55 45 40 180 197 143 9 124 48 137 7 71 63 174 139 166 98 50 185 188 154 148 103 171 77 107 150 126 135 123 184 110 27 127 43 111 115 26 4 99 49 161 46 5 169 90 29 118 125 196 53 84 193 173 74 117 94 57 37 36 75 3 19 159 130 168 178 44 56 51 89 85 147 144 18 128 34 191 30 35 200 153 158 20 95 195 114 14 2 68 69 106 170 52 102 164 42 140 146 72 12 190 33 87 132 16 172 70 81 23 120 65 62 157 112 187 176 179 25 31 198 145 47 141 105 66 155 189 6 175 199 101 160 134 97 93 17 186 60 163 13 61 73 177 165 82 76 109 78 86 142 119 156 11 24 91 183 104 133 22 21 28 116 113 129 8 122 136 15 88 149 138 38 181 108 39 162 54 192 121 92 10 59 151 83 167 58 

Inst_Index:96 	 City_Num:200 	 Concorde:21.501020 	 MCTS:21.636715 Improve:-0.135695 	 Time:8.00 Seconds
Solution: 1 25 35 136 69 95 22 17 178 158 143 171 28 169 170 118 134 11 44 92 75 120 10 84 94 172 43 91 176 74 67 68 154 100 156 138 77 96 174 133 113 57 82 51 164 81 34 89 128 135 186 163 151 103 115 36 123 102 184 168 124 40 121 33 71 140 157 111 5 137 119 188 38 12 191 26 54 196 146 152 109 195 179 198 165 47 149 97 199 30 159 64 87 66 49 129 15 105 107 18 29 155 41 142 32 197 167 19 56 144 141 148 65 190 108 72 80 45 70 193 79 14 61 131 42 53 180 88 185 139 50 52 60 7 125 175 90 83 23 55 182 37 160 153 117 20 59 200 122 27 181 99 76 173 187 24 150 39 13 101 6 8 2 78 9 16 126 161 73 98 4 192 147 104 194 112 93 189 116 130 183 21 106 114 162 62 46 166 63 127 145 86 58 85 3 132 110 31 48 177 


Index_In_Batch: 23, Avg_Concorde_Distance: 21.690641 Avg_MCTS_Distance: 21.736376 Avg_Gap: 0.002158 Total_Time: 33.10 Seconds 
 Beat_Best_Known_Times: 2 Match_Best_Known_Times: 0 Miss_Best_Known_Times: 2 
