Number_of_Instances_In_Current_Batch: 4

Inst_Index:97 	 City_Num:200 	 Concorde:21.250349 	 MCTS:21.313513 Improve:-0.063164 	 Time:8.00 Seconds
Solution: 1 130 195 100 3 127 68 123 4 7 148 121 115 116 40 64 90 151 10 18 98 22 95 178 124 141 160 89 5 193 37 194 92 133 119 99 157 102 75 188 50 86 80 182 181 54 196 58 11 25 69 114 2 154 103 44 66 31 140 147 152 17 176 97 21 187 197 36 49 30 32 59 91 85 34 177 113 96 190 169 110 70 13 161 136 164 191 108 15 105 137 88 150 106 46 67 192 146 104 8 39 153 184 76 35 166 145 118 185 171 117 172 134 175 109 71 131 51 93 126 41 186 47 107 56 84 72 129 179 83 20 120 45 122 60 167 81 24 168 48 189 53 23 33 74 158 138 82 101 62 87 173 29 162 200 9 16 156 65 61 170 55 77 149 111 28 63 52 125 163 128 94 112 73 142 199 38 79 198 159 183 14 57 132 43 6 78 19 135 144 180 12 27 165 26 42 174 139 155 143 

Inst_Index:98 	 City_Num:200 	 Concorde:21.433900 	 MCTS:21.433900 Improve:0.000000 	 Time:8.00 Seconds
Solution: 1 111 81 58 57 185 9 123 49 69 149 87 89 113 52 76 94 130 37 24 42 142 64 41 95 44 26 147 14 83 3 68 33 189 200 72 145 176 143 88 108 181 35 104 112 62 165 25 186 162 70 167 161 110 93 166 82 107 48 188 38 196 163 125 154 131 187 30 22 116 86 16 54 182 10 174 102 126 36 15 179 157 194 61 172 100 92 119 55 91 184 148 43 141 159 80 65 71 63 11 155 32 31 19 20 158 77 191 134 124 170 198 175 114 140 199 156 60 98 105 73 135 17 56 2 122 129 171 90 195 144 45 74 117 121 150 103 59 152 13 28 101 160 118 79 50 47 192 84 132 18 146 190 183 197 109 53 136 4 99 193 6 128 153 151 75 106 180 12 164 40 127 29 139 67 51 27 168 138 177 46 5 21 115 97 120 8 173 23 7 137 34 133 66 169 39 85 78 96 178 

Inst_Index:99 	 City_Num:200 	 Concorde:21.623921 	 MCTS:21.598735 Improve:0.025185 	 Time:8.00 Seconds
Solution: 1 32 169 77 121 190 200 148 154 189 166 139 13 11 141 168 42 6 63 99 12 40 65 91 147 66 123 74 2 143 109 100 172 142 101 137 135 140 184 68 98 167 24 86 144 50 87 131 117 67 129 41 162 191 97 183 16 118 102 29 49 44 133 52 8 38 152 57 93 160 75 14 72 175 37 15 84 113 43 25 199 47 7 130 146 176 159 197 104 82 94 88 163 194 9 27 161 39 178 193 170 18 17 180 70 62 23 58 59 64 108 195 124 21 83 198 132 31 128 28 51 187 115 78 136 53 45 181 55 114 111 36 153 30 177 155 151 188 35 79 157 54 122 134 4 196 105 145 34 3 125 165 185 90 69 150 61 179 95 164 92 22 56 26 186 60 71 33 85 119 138 174 127 149 182 46 107 192 10 20 112 76 80 19 89 5 171 126 173 158 116 73 106 48 96 103 120 110 156 81 

Inst_Index:100 	 City_Num:200 	 Concorde:21.846391 	 MCTS:21.863212 Improve:-0.016821 	 Time:8.00 Seconds
Solution: 1 80 169 151 129 83 117 175 27 147 22 49 138 71 141 37 153 110 92 2 159 4 86 13 177 62 11 145 115 156 154 150 171 101 200 160 124 100 52 167 98 35 18 113 64 181 53 19 191 89 61 164 76 106 36 30 193 125 82 114 44 77 158 3 109 88 187 162 47 192 33 84 189 108 146 190 39 140 176 122 48 51 103 50 183 54 137 93 41 24 79 63 68 128 40 97 168 155 157 16 57 170 121 65 163 142 32 60 96 70 29 143 188 95 136 130 28 178 173 199 17 6 131 126 104 10 87 56 72 21 73 118 105 5 91 186 7 25 135 42 161 112 55 111 152 134 180 38 67 120 99 184 74 58 127 20 166 34 116 195 196 149 23 94 26 132 43 102 179 31 107 69 78 133 15 8 12 123 81 66 194 165 119 197 59 46 14 144 174 90 139 198 9 172 45 75 85 182 148 185 


Index_In_Batch: 24, Avg_Concorde_Distance: 21.538640 Avg_MCTS_Distance: 21.552340 Avg_Gap: 0.000644 Total_Time: 33.09 Seconds 
 Beat_Best_Known_Times: 1 Match_Best_Known_Times: 1 Miss_Best_Known_Times: 2 
