Number_of_Instances_In_Current_Batch: 4

Inst_Index:49 	 City_Num:200 	 Concorde:21.409612 	 MCTS:21.384727 Improve:0.024885 	 Time:2.00 Seconds
Solution: 1 82 19 71 3 116 163 156 147 141 21 159 140 27 57 65 61 198 166 129 174 153 26 86 144 91 31 181 13 56 85 14 150 47 43 151 113 93 179 48 155 154 6 171 87 164 157 30 50 136 103 112 117 2 80 184 119 68 149 38 191 97 70 126 67 53 4 138 74 24 183 189 194 73 185 33 109 98 37 160 197 173 84 99 190 122 63 101 127 22 40 111 58 81 72 161 78 23 148 25 124 107 12 104 16 102 195 186 62 131 75 146 177 106 178 83 41 52 105 108 152 10 182 196 187 121 115 176 193 169 92 44 134 32 18 100 133 132 135 9 168 145 96 88 175 7 60 94 42 51 180 55 114 90 200 95 15 76 77 188 8 110 162 130 139 45 118 39 29 20 59 5 35 34 69 49 192 170 143 167 54 120 17 142 158 46 137 123 11 89 66 36 165 28 128 64 172 199 79 125 

Inst_Index:50 	 City_Num:200 	 Concorde:21.972555 	 MCTS:21.972555 Improve:-0.000000 	 Time:2.00 Seconds
Solution: 1 66 54 56 189 68 112 137 188 130 124 166 135 190 48 198 97 132 33 105 126 98 7 59 6 106 10 29 164 162 118 95 122 36 174 150 15 4 178 61 62 121 88 9 31 78 25 32 101 127 172 147 63 21 109 72 152 69 193 12 84 119 170 176 168 102 134 87 117 157 65 179 41 39 11 184 70 53 187 13 45 52 173 156 75 123 116 86 186 180 71 51 28 60 158 128 141 110 79 76 37 8 40 177 175 85 139 99 92 195 107 191 22 38 194 80 142 138 125 192 64 115 197 93 81 149 47 24 83 34 67 14 196 163 42 91 57 136 155 165 160 108 153 169 100 82 27 183 96 185 73 129 140 131 16 148 182 199 20 181 146 30 55 167 23 133 114 143 113 103 104 19 89 94 26 144 49 77 17 35 58 120 50 111 46 5 74 18 161 44 171 145 159 43 200 151 3 90 2 154 

Inst_Index:51 	 City_Num:200 	 Concorde:20.183482 	 MCTS:20.183482 Improve:-0.000000 	 Time:2.00 Seconds
Solution: 1 72 183 123 131 54 176 55 45 158 29 120 90 7 167 71 31 25 189 182 148 186 64 112 125 175 44 51 36 172 136 169 173 65 198 154 99 192 34 76 75 124 11 24 162 48 69 78 134 161 97 79 127 70 114 121 42 155 122 151 56 133 181 17 191 87 128 21 119 43 152 178 37 195 103 57 184 53 144 3 170 129 156 73 58 171 47 84 185 177 15 9 132 139 163 107 153 91 137 180 23 28 168 143 101 179 142 5 160 194 104 10 63 111 40 141 82 187 150 118 49 108 74 50 66 188 8 39 18 96 149 113 46 77 138 164 80 193 146 33 27 52 95 94 102 13 98 145 89 135 20 110 140 117 14 106 92 59 190 115 197 85 200 147 6 165 38 22 83 12 16 32 67 126 100 68 196 62 81 2 86 88 61 19 26 105 35 41 93 116 60 130 166 159 4 174 30 157 109 199 

Inst_Index:52 	 City_Num:200 	 Concorde:22.489573 	 MCTS:22.445043 Improve:0.044529 	 Time:2.00 Seconds
Solution: 1 29 52 126 31 90 189 78 107 111 139 130 160 59 162 16 86 125 140 149 58 103 137 35 181 186 51 155 8 112 142 36 84 99 154 17 104 92 188 148 9 95 77 124 62 119 110 122 182 25 15 180 157 68 134 120 53 24 174 131 150 113 45 10 93 128 96 116 152 83 144 196 11 76 37 187 82 72 136 159 61 191 48 60 44 65 178 43 88 158 118 6 94 64 197 117 54 168 184 108 171 4 195 66 56 145 55 40 133 105 138 164 132 129 114 70 175 7 176 20 147 173 41 172 87 98 198 163 190 185 19 57 199 23 169 14 13 27 80 179 67 74 47 97 106 75 18 146 3 32 73 71 5 194 135 156 141 127 161 30 170 153 26 42 123 50 34 63 167 12 38 166 85 79 165 33 100 151 192 101 81 89 109 21 183 28 193 22 102 46 2 69 115 200 143 39 91 121 177 49 


Index_In_Batch: 12, Avg_Concorde_Distance: 21.513805 Avg_MCTS_Distance: 21.496452 Avg_Gap: -0.000786 Total_Time: 8.95 Seconds 
 Beat_Best_Known_Times: 2 Match_Best_Known_Times: 2 Miss_Best_Known_Times: 0 
