Number_of_Instances_In_Current_Batch: 4

Inst_Index:49 	 City_Num:200 	 Concorde:21.409612 	 MCTS:21.443232 Improve:-0.033620 	 Time:8.01 Seconds
Solution: 1 82 19 71 3 116 163 156 147 141 21 159 140 27 57 65 61 198 166 129 174 153 26 86 144 91 31 181 13 56 85 14 168 145 96 88 175 7 60 94 42 51 180 55 114 90 200 95 15 76 77 188 8 110 162 130 139 45 118 39 29 20 59 5 35 34 69 192 49 186 62 131 75 146 177 106 178 83 41 52 105 108 152 10 182 196 187 121 115 176 193 169 92 44 134 32 18 100 133 132 135 9 179 93 43 150 47 151 113 154 48 155 6 171 87 164 157 30 50 136 103 112 117 2 80 184 119 68 149 38 191 97 70 126 67 53 4 138 74 24 183 189 194 73 185 33 109 98 37 160 197 173 84 99 190 122 63 101 127 22 40 111 58 81 72 161 78 23 148 25 124 107 12 104 16 102 195 170 143 167 54 120 17 142 158 46 137 123 11 89 66 36 165 28 128 64 172 199 79 125 

Inst_Index:50 	 City_Num:200 	 Concorde:21.972555 	 MCTS:21.972555 Improve:-0.000000 	 Time:8.00 Seconds
Solution: 1 66 54 56 189 68 112 137 188 130 124 166 135 190 48 198 97 132 33 105 126 98 7 59 6 106 10 29 164 162 118 95 122 36 174 150 15 4 178 61 62 121 88 9 31 78 25 32 101 127 172 147 63 21 109 72 152 69 193 12 84 119 170 176 168 102 134 87 117 157 65 179 41 39 11 184 70 53 187 13 45 52 173 156 75 123 116 86 186 180 71 51 28 60 158 128 141 110 79 76 37 8 40 177 175 85 139 99 92 195 107 191 22 38 194 80 142 138 125 192 64 115 197 93 81 149 47 24 83 34 67 14 196 163 42 91 57 136 155 165 160 108 153 169 100 82 27 183 96 185 73 129 140 131 16 148 182 199 20 181 146 30 55 167 23 133 114 143 113 103 104 19 89 94 26 144 49 77 17 35 58 120 50 111 46 5 74 18 161 44 171 145 159 43 200 151 3 90 2 154 

Inst_Index:51 	 City_Num:200 	 Concorde:20.183482 	 MCTS:20.197979 Improve:-0.014497 	 Time:8.00 Seconds
Solution: 1 183 72 165 6 147 200 38 22 12 83 174 4 159 166 130 60 116 93 41 35 105 26 19 61 88 86 2 81 62 196 68 100 126 67 32 16 85 197 115 190 59 92 106 14 117 140 110 20 135 89 145 98 13 102 94 95 52 27 33 146 193 80 164 138 77 46 113 149 96 18 39 8 188 66 50 74 108 49 118 150 187 82 141 40 111 63 10 104 194 160 5 142 179 101 143 168 28 23 180 137 91 153 107 163 139 132 9 15 177 185 84 47 171 58 73 156 129 170 3 144 53 184 57 103 195 37 178 152 43 119 21 128 87 191 17 181 133 56 151 122 155 42 121 114 70 127 79 97 161 134 78 69 48 162 24 11 124 75 76 34 192 99 154 198 65 173 169 136 172 36 51 44 175 125 112 64 186 148 182 189 25 31 71 167 7 90 120 29 158 45 55 176 54 131 123 30 157 109 199 

Inst_Index:52 	 City_Num:200 	 Concorde:22.489573 	 MCTS:22.593019 Improve:-0.103446 	 Time:8.00 Seconds
Solution: 1 29 52 126 139 130 160 59 16 162 155 8 51 186 181 35 137 103 58 149 140 125 86 111 107 78 189 90 31 21 183 109 89 81 28 193 22 102 151 101 192 100 33 165 79 85 166 38 46 2 63 12 167 34 50 123 42 26 153 30 170 18 75 106 97 146 156 141 127 161 135 194 5 71 73 32 3 13 14 27 169 199 23 198 57 19 163 190 185 118 158 88 43 178 65 44 60 48 191 61 159 136 197 64 94 6 117 72 82 187 37 76 11 152 116 96 128 93 10 45 113 150 131 148 9 188 92 104 154 99 84 112 142 36 17 95 77 124 62 119 110 122 182 25 15 180 157 53 24 174 120 68 134 83 144 196 54 168 184 108 171 4 195 55 145 66 56 20 176 147 173 41 172 87 98 80 179 74 47 67 7 175 70 114 164 129 132 40 133 105 138 69 115 200 143 39 91 121 177 49 


Index_In_Batch: 12, Avg_Concorde_Distance: 21.513805 Avg_MCTS_Distance: 21.551696 Avg_Gap: 0.001722 Total_Time: 33.06 Seconds 
 Beat_Best_Known_Times: 0 Match_Best_Known_Times: 1 Miss_Best_Known_Times: 3 
