Number_of_Instances_In_Current_Batch: 4

Inst_Index:89 	 City_Num:200 	 Concorde:21.405636 	 MCTS:21.401240 Improve:0.004396 	 Time:2.00 Seconds
Solution: 1 73 29 35 69 71 192 112 166 108 24 83 139 194 22 144 180 173 7 2 142 82 54 109 154 93 124 136 125 129 148 171 149 130 53 36 104 14 32 137 174 135 13 28 45 70 19 102 61 195 115 193 157 145 158 131 123 31 57 96 75 39 121 132 156 151 167 182 169 46 52 172 48 79 43 147 40 101 117 159 62 12 143 20 103 77 9 74 10 133 85 183 188 118 60 113 138 187 163 3 58 191 198 126 190 127 141 168 55 30 4 63 89 26 5 25 23 152 11 122 81 21 128 170 86 56 91 34 59 178 114 160 64 87 120 41 18 38 94 199 78 200 177 105 8 27 17 161 76 153 80 196 49 50 162 6 155 116 100 184 44 150 92 111 181 134 33 197 84 16 67 95 47 189 110 107 176 106 98 66 72 179 42 15 175 88 51 146 164 37 90 140 97 185 65 99 186 68 165 119 

Inst_Index:90 	 City_Num:200 	 Concorde:20.842458 	 MCTS:20.799416 Improve:0.043043 	 Time:2.00 Seconds
Solution: 1 81 110 187 58 94 43 135 130 8 195 128 119 120 14 160 80 129 105 95 10 64 82 180 131 5 186 30 193 35 36 56 176 77 40 143 109 76 11 153 54 19 175 2 133 20 177 26 63 117 157 138 188 102 7 181 100 6 87 68 3 112 71 85 140 9 149 191 173 174 152 45 67 194 167 197 24 162 41 148 113 184 142 74 60 62 29 156 124 78 168 52 166 83 53 145 158 106 111 170 99 4 101 38 155 146 107 21 12 154 48 98 127 163 69 159 70 171 17 25 55 104 23 182 27 97 50 47 91 31 75 115 51 169 137 161 44 61 116 79 147 189 122 34 46 196 118 165 88 151 89 66 93 164 125 92 59 183 39 198 199 178 139 57 179 103 37 192 134 49 22 15 190 123 33 121 172 86 72 13 84 132 114 200 136 90 28 108 18 65 150 144 126 42 96 16 185 73 32 141 

Inst_Index:91 	 City_Num:200 	 Concorde:21.829598 	 MCTS:21.803032 Improve:0.026566 	 Time:2.00 Seconds
Solution: 1 113 76 144 109 36 57 17 198 45 117 10 153 142 55 2 115 137 105 80 178 98 15 85 67 125 84 112 170 167 25 135 108 102 132 179 128 64 28 44 6 20 34 154 22 168 16 187 42 46 41 163 3 78 136 184 91 107 181 174 4 94 14 89 88 155 59 161 23 72 171 58 110 96 32 19 60 66 127 193 90 146 164 134 71 61 152 35 56 119 130 166 99 140 185 81 126 83 31 121 195 103 87 11 122 30 68 53 133 123 114 159 172 176 7 173 18 97 111 75 158 93 50 143 65 131 82 13 33 63 40 49 92 129 162 200 51 101 120 69 147 180 52 70 26 182 79 8 48 5 138 189 9 118 77 12 104 199 29 86 175 188 197 106 39 150 73 190 165 100 157 191 194 139 148 95 62 47 124 183 24 43 145 21 149 177 27 74 186 156 169 54 37 160 192 116 141 38 196 151 

Inst_Index:92 	 City_Num:200 	 Concorde:21.025036 	 MCTS:21.018840 Improve:0.006196 	 Time:2.00 Seconds
Solution: 1 32 138 82 182 172 46 161 74 60 37 158 134 142 116 171 163 102 55 121 174 99 50 194 3 25 2 165 177 179 141 148 133 167 9 83 152 184 190 149 77 156 54 132 93 49 153 109 191 196 126 44 175 105 63 22 135 87 122 23 29 125 168 11 170 123 16 111 118 71 4 27 36 39 7 48 181 192 90 199 62 21 131 45 51 145 5 24 100 128 47 113 70 124 120 33 38 114 189 41 107 67 65 72 154 89 80 144 6 106 98 185 155 195 85 200 10 101 30 112 127 129 187 13 150 68 31 73 160 95 197 34 92 28 52 15 178 42 53 76 151 69 18 61 176 56 186 57 14 130 193 78 97 59 12 40 81 79 26 173 139 162 108 164 115 19 88 146 8 183 166 169 157 180 17 66 110 188 103 58 75 43 136 20 137 96 140 159 143 91 86 35 147 198 117 64 119 84 94 104 


Index_In_Batch: 22, Avg_Concorde_Distance: 21.275682 Avg_MCTS_Distance: 21.255632 Avg_Gap: -0.000946 Total_Time: 9.02 Seconds 
 Beat_Best_Known_Times: 4 Match_Best_Known_Times: 0 Miss_Best_Known_Times: 0 
