Number_of_Instances_In_Current_Batch: 4

Inst_Index:117 	 City_Num:200 	 Concorde:21.816725 	 MCTS:21.811610 Improve:0.005115 	 Time:2.00 Seconds
Solution: 1 173 17 5 66 77 129 10 101 170 157 147 16 44 6 86 171 177 174 145 73 42 175 60 120 127 122 141 181 113 183 103 116 12 89 164 43 90 197 18 104 143 55 64 71 37 32 56 14 121 26 13 109 184 119 84 100 11 62 176 20 132 61 146 152 33 81 179 111 79 191 154 117 160 59 178 165 195 15 99 159 72 156 123 69 102 166 114 68 182 130 28 41 92 153 167 88 7 196 112 51 82 95 188 65 74 105 134 148 193 125 137 186 47 93 138 190 189 133 4 31 162 180 161 172 192 21 97 23 96 19 25 106 48 2 142 168 39 45 194 38 30 63 140 49 144 8 118 75 135 67 85 151 163 9 94 80 76 52 150 108 126 29 34 149 24 36 70 187 136 185 98 200 107 115 57 40 110 3 139 83 169 158 58 131 155 87 35 50 46 124 22 198 128 91 78 27 54 53 199 

Inst_Index:118 	 City_Num:200 	 Concorde:21.291851 	 MCTS:21.285506 Improve:0.006345 	 Time:2.00 Seconds
Solution: 1 60 87 18 42 54 77 183 117 32 110 194 140 3 166 19 142 40 136 70 88 109 115 145 178 176 189 186 112 170 95 118 171 29 90 190 28 76 188 73 68 191 148 165 59 10 83 82 51 4 182 167 8 75 72 114 33 120 7 138 74 160 52 121 164 127 5 184 62 125 50 168 71 100 101 162 104 177 97 93 200 180 45 12 13 91 185 113 135 134 172 9 147 131 133 25 16 175 152 146 143 195 173 199 55 67 44 137 21 69 80 187 78 193 92 169 106 163 27 37 81 57 64 96 56 157 38 130 6 174 11 111 2 116 155 132 159 196 139 103 53 86 46 48 66 153 22 47 84 151 34 102 99 150 14 149 63 31 35 26 128 24 141 98 119 108 58 124 17 107 123 79 94 192 156 20 89 158 85 105 144 197 36 30 49 65 41 23 61 179 43 15 161 181 154 122 198 126 39 129 

Inst_Index:119 	 City_Num:200 	 Concorde:21.242154 	 MCTS:21.215255 Improve:0.026899 	 Time:2.00 Seconds
Solution: 1 42 131 68 46 36 157 87 166 60 82 99 48 104 132 85 198 5 98 25 129 50 134 65 182 92 117 24 126 161 15 186 130 174 71 22 73 148 119 12 103 124 77 135 133 194 54 200 154 91 19 6 199 67 75 167 100 188 47 122 196 175 34 189 52 28 138 93 37 123 162 193 170 7 20 173 61 30 32 2 72 180 96 109 197 141 23 89 101 152 57 143 158 164 179 105 159 49 163 18 81 69 70 185 31 41 40 121 95 153 44 8 45 62 137 27 127 35 140 125 183 17 51 38 86 184 97 107 3 90 128 9 136 171 66 64 13 115 118 169 113 195 55 112 106 145 43 116 29 192 181 78 58 110 146 150 63 176 26 94 156 10 139 120 11 21 168 16 178 187 80 160 83 108 79 177 76 144 53 74 151 39 149 14 190 155 142 4 56 172 102 84 59 114 191 147 111 165 33 88 

Inst_Index:120 	 City_Num:200 	 Concorde:20.710116 	 MCTS:20.707861 Improve:0.002255 	 Time:2.00 Seconds
Solution: 1 64 140 12 69 77 39 44 167 99 111 128 34 155 175 174 101 66 8 67 172 116 127 150 58 30 129 122 120 28 49 158 90 166 83 70 173 130 139 195 163 31 11 6 199 119 91 16 194 165 193 53 182 41 157 143 200 75 154 115 147 92 162 176 132 15 24 9 186 159 197 86 52 59 89 65 192 23 98 103 171 72 108 151 85 48 188 73 62 100 21 160 146 57 54 74 113 79 33 187 81 3 134 14 80 26 170 107 133 7 60 161 121 144 35 137 189 38 105 4 106 178 5 18 50 102 20 61 168 45 40 118 126 123 183 29 84 97 138 148 117 68 124 47 180 169 136 10 51 185 96 32 125 94 110 37 145 36 71 42 27 88 95 82 191 112 17 181 25 63 19 184 87 196 13 56 104 55 149 135 2 177 152 153 109 114 78 93 179 22 46 141 76 131 142 198 164 43 156 190 


Index_In_Batch: 29, Avg_Concorde_Distance: 21.265212 Avg_MCTS_Distance: 21.255058 Avg_Gap: -0.000477 Total_Time: 9.00 Seconds 
 Beat_Best_Known_Times: 4 Match_Best_Known_Times: 0 Miss_Best_Known_Times: 0 
