Number_of_Instances_In_Current_Batch: 4

Inst_Index:41 	 City_Num:200 	 Concorde:21.126069 	 MCTS:21.107647 Improve:0.018422 	 Time:2.00 Seconds
Solution: 1 11 98 119 93 111 149 90 193 192 137 105 180 36 141 161 34 181 71 125 54 171 78 88 66 21 61 46 70 118 153 155 80 167 10 151 83 68 176 182 132 52 126 163 92 3 53 175 146 166 75 144 45 69 2 94 35 59 136 107 77 33 15 200 154 123 165 168 19 117 14 114 60 157 124 67 74 162 159 79 101 112 62 44 110 16 120 139 188 85 156 116 178 25 58 55 97 87 158 197 38 40 41 28 185 22 127 160 169 143 174 147 64 49 31 29 48 199 150 30 57 84 194 8 190 12 148 24 103 6 73 138 23 191 89 128 13 100 9 173 65 130 20 187 170 122 106 42 56 140 195 115 189 47 86 179 18 196 164 99 198 72 95 7 184 109 27 50 186 108 113 96 37 133 172 142 26 177 152 43 82 183 131 76 51 121 17 145 4 91 63 102 129 39 5 32 104 81 134 135 

Inst_Index:42 	 City_Num:200 	 Concorde:21.286868 	 MCTS:21.273560 Improve:0.013308 	 Time:2.00 Seconds
Solution: 1 10 97 189 162 114 171 45 83 4 28 191 3 47 43 73 116 175 155 51 117 122 90 197 163 6 145 192 50 21 24 169 132 14 176 41 18 106 61 74 174 23 148 134 69 152 80 161 182 198 200 36 86 133 17 159 79 54 123 53 184 193 87 183 95 141 142 111 178 129 2 166 19 9 52 42 146 60 72 35 48 85 100 179 104 99 63 144 167 126 168 131 64 67 115 39 15 121 153 94 71 96 187 139 188 34 160 158 107 147 38 149 92 196 110 112 194 105 25 57 125 165 190 118 140 62 11 138 5 103 102 78 22 8 46 13 108 56 130 84 186 195 29 32 49 113 70 59 12 16 181 119 136 65 91 127 88 128 173 185 33 81 68 31 76 109 137 120 27 164 44 93 124 30 151 101 156 157 37 20 75 170 172 143 135 180 98 26 66 82 177 7 55 199 58 150 40 154 89 77 

Inst_Index:43 	 City_Num:200 	 Concorde:20.944182 	 MCTS:20.921942 Improve:0.022240 	 Time:2.00 Seconds
Solution: 1 102 118 195 33 116 5 63 166 91 50 194 157 98 183 167 92 51 162 134 8 152 110 52 107 123 96 155 104 38 172 89 127 197 177 153 11 20 71 145 90 117 2 34 25 46 168 144 131 114 111 147 158 159 130 62 49 113 133 83 88 54 28 78 4 124 76 148 192 136 75 84 22 42 73 115 81 101 86 199 56 146 108 82 112 119 198 39 161 132 151 156 125 182 190 97 105 163 19 61 120 186 60 174 122 142 53 171 139 103 184 35 45 175 40 66 41 72 70 14 24 7 93 29 170 109 100 135 180 191 59 94 179 138 137 21 31 140 13 9 65 55 173 99 164 87 185 121 16 126 176 15 27 165 169 43 196 200 80 77 58 85 189 36 129 6 154 150 193 74 44 30 79 10 57 143 23 37 188 181 68 141 106 160 128 26 12 18 3 32 69 149 48 67 64 17 187 47 95 178 

Inst_Index:44 	 City_Num:200 	 Concorde:21.325900 	 MCTS:21.287314 Improve:0.038585 	 Time:2.00 Seconds
Solution: 1 143 187 151 106 196 27 74 14 119 6 128 82 29 142 125 146 68 152 67 197 59 46 156 91 75 87 37 56 55 38 11 124 17 139 168 138 126 95 144 134 140 193 164 63 39 109 52 61 84 70 72 117 36 189 44 172 88 8 175 170 200 150 62 16 165 114 115 96 2 171 19 132 33 190 80 102 79 188 99 105 10 50 30 71 101 22 191 93 57 198 110 54 131 58 13 43 100 24 45 181 77 130 184 145 34 159 186 195 20 103 18 178 148 65 160 28 122 116 179 73 92 76 23 127 111 108 81 185 182 169 60 158 149 64 113 104 121 69 180 167 40 137 7 120 192 15 161 86 66 163 47 3 97 21 31 107 154 41 133 85 48 177 94 173 174 123 12 98 89 9 5 176 49 26 147 83 153 183 162 194 90 42 199 157 135 35 136 25 141 112 53 32 129 155 51 4 78 118 166 


Index_In_Batch: 10, Avg_Concorde_Distance: 21.170754 Avg_MCTS_Distance: 21.147616 Avg_Gap: -0.001092 Total_Time: 9.01 Seconds 
 Beat_Best_Known_Times: 4 Match_Best_Known_Times: 0 Miss_Best_Known_Times: 0 
