Number_of_Instances_In_Current_Batch: 4

Inst_Index:121 	 City_Num:200 	 Concorde:21.719465 	 MCTS:21.718289 Improve:0.001176 	 Time:2.00 Seconds
Solution: 1 17 118 144 120 113 130 136 153 3 86 149 32 105 133 100 200 167 128 169 103 47 34 65 62 185 114 88 183 131 48 63 56 14 27 24 102 57 11 15 155 162 92 145 121 163 82 33 26 21 98 108 20 22 132 146 59 36 178 49 7 160 30 52 110 71 142 125 94 165 190 116 67 90 182 54 38 139 141 157 91 152 5 140 69 171 50 53 117 18 58 81 186 28 134 198 6 84 107 147 180 187 127 19 172 184 164 72 29 112 73 87 115 13 158 79 35 195 96 188 51 181 119 168 170 111 61 23 68 97 138 85 135 9 74 80 43 2 70 8 64 76 104 191 129 66 44 25 179 83 156 16 106 151 177 126 193 154 10 31 173 93 174 95 124 60 148 150 75 199 4 46 77 45 41 89 143 194 189 101 109 39 159 196 122 176 161 37 42 166 137 123 12 197 55 175 99 78 192 40 

Inst_Index:122 	 City_Num:200 	 Concorde:21.784563 	 MCTS:21.758232 Improve:0.026331 	 Time:2.00 Seconds
Solution: 1 13 63 167 75 199 179 185 20 2 159 175 194 187 114 101 141 163 88 190 72 90 22 156 178 144 177 189 8 138 12 126 160 174 85 148 110 113 111 27 23 143 106 62 46 181 123 168 50 56 64 66 73 200 149 37 130 91 25 137 98 135 182 19 161 155 40 96 102 49 68 166 4 7 172 186 21 26 154 48 79 104 118 14 44 10 134 43 152 31 74 133 47 78 97 92 55 24 11 70 17 183 131 77 83 124 151 128 67 132 71 15 33 173 197 117 170 105 35 196 129 61 81 84 164 139 193 51 119 65 57 162 176 29 80 52 184 180 125 158 30 86 59 120 153 60 94 122 145 93 38 112 192 109 150 28 87 147 53 195 42 198 58 3 18 107 89 103 100 54 5 115 36 191 69 188 169 108 116 171 140 127 34 121 82 6 39 142 95 165 157 99 32 76 45 16 9 41 146 136 

Inst_Index:123 	 City_Num:200 	 Concorde:20.764947 	 MCTS:20.732006 Improve:0.032941 	 Time:2.00 Seconds
Solution: 1 2 64 8 166 93 138 110 199 46 72 31 99 91 13 113 102 132 195 135 130 35 134 179 186 200 28 151 81 149 42 74 175 80 30 164 34 176 107 59 60 173 3 96 49 38 182 167 53 67 15 123 131 92 193 4 180 190 124 66 155 9 161 32 194 36 58 150 98 125 83 70 119 128 126 160 169 12 129 16 101 78 14 48 37 97 19 22 114 112 40 89 43 33 54 100 73 10 88 27 127 192 121 5 76 189 45 17 106 21 117 165 118 168 153 77 51 144 177 147 69 188 6 136 148 103 133 105 90 158 63 20 55 197 171 86 18 163 191 159 141 139 62 79 68 23 181 87 108 185 104 47 94 140 137 174 29 85 198 178 11 24 44 41 142 7 156 56 39 71 187 152 61 26 84 170 143 146 183 65 120 172 122 157 82 154 52 116 145 57 115 109 50 196 25 75 111 162 184 95 

Inst_Index:124 	 City_Num:200 	 Concorde:21.287004 	 MCTS:21.263066 Improve:0.023939 	 Time:2.00 Seconds
Solution: 1 21 100 160 165 114 16 47 200 139 184 52 137 181 157 93 80 43 163 134 194 19 145 6 81 33 121 122 142 162 63 132 103 158 118 179 31 92 18 188 155 170 166 152 116 110 140 89 13 127 129 97 86 175 156 128 189 148 34 85 76 130 39 176 197 172 113 66 109 167 171 149 107 65 199 105 4 168 62 77 17 70 138 73 53 54 25 24 115 177 135 23 112 59 186 94 147 173 57 7 96 79 44 191 198 26 136 11 71 35 55 75 196 29 40 119 133 190 174 185 123 90 58 3 32 88 87 42 164 98 153 195 83 182 143 20 146 12 82 64 151 78 60 45 41 68 38 48 28 126 51 50 84 99 30 154 120 95 161 169 9 106 61 102 124 91 178 131 69 117 74 49 193 10 37 125 141 8 22 104 144 183 36 72 108 150 2 14 159 67 192 180 5 187 56 101 15 111 27 46 


Index_In_Batch: 30, Avg_Concorde_Distance: 21.388995 Avg_MCTS_Distance: 21.367898 Avg_Gap: -0.000993 Total_Time: 9.00 Seconds 
 Beat_Best_Known_Times: 4 Match_Best_Known_Times: 0 Miss_Best_Known_Times: 0 
