Number_of_Instances_In_Current_Batch: 4

Inst_Index:61 	 City_Num:200 	 Concorde:21.146939 	 MCTS:21.195681 Improve:-0.048742 	 Time:2.00 Seconds
Solution: 1 18 55 101 197 10 199 142 183 48 160 200 79 143 90 124 84 151 117 102 20 140 26 87 36 175 189 131 146 64 5 9 123 60 96 71 188 14 69 104 141 127 112 185 63 81 187 107 35 179 17 128 66 195 139 41 164 162 159 155 13 148 129 58 149 168 173 74 32 137 145 118 27 130 106 22 88 97 115 3 121 4 103 80 53 94 85 108 191 165 59 82 100 111 16 34 163 138 83 47 196 21 193 113 42 73 150 57 154 72 39 169 157 11 28 37 153 12 44 78 152 116 89 99 156 110 184 70 8 29 198 186 33 166 51 171 77 40 181 91 50 190 172 122 136 119 46 45 180 62 75 24 109 98 134 126 68 23 61 161 52 49 38 43 56 86 125 135 76 144 178 7 158 95 174 170 25 194 54 65 15 177 67 182 6 105 132 167 31 2 192 120 147 19 176 114 30 92 93 133 

Inst_Index:62 	 City_Num:200 	 Concorde:20.901520 	 MCTS:20.889889 Improve:0.011630 	 Time:2.00 Seconds
Solution: 1 5 195 25 85 103 34 65 134 137 11 192 59 95 84 29 40 167 155 149 54 183 164 43 89 138 24 81 118 160 126 105 4 71 82 96 98 162 35 87 45 175 110 180 119 158 68 117 172 186 153 94 13 14 166 67 92 88 15 58 174 128 107 74 104 132 140 176 21 143 156 159 93 122 179 41 185 139 199 91 72 194 193 26 75 22 42 154 200 76 100 2 168 115 123 27 7 60 83 23 18 148 108 20 196 37 44 78 146 111 77 144 182 39 36 38 109 90 173 198 31 145 165 136 169 64 19 10 150 6 51 8 131 177 187 130 3 16 57 197 48 32 184 120 101 80 97 191 135 112 163 129 28 113 49 152 127 171 61 125 147 73 63 99 188 102 181 70 12 114 86 121 50 151 62 189 9 56 55 66 161 33 178 116 79 124 46 133 106 170 52 30 53 142 17 157 141 47 190 69 

Inst_Index:63 	 City_Num:200 	 Concorde:21.386578 	 MCTS:21.375620 Improve:0.010958 	 Time:2.00 Seconds
Solution: 1 44 68 17 23 153 142 173 140 36 38 77 59 118 40 183 131 157 96 120 106 10 180 125 51 61 88 100 47 2 186 74 67 114 93 198 87 41 172 78 146 60 188 181 98 39 62 5 128 26 81 30 13 104 20 42 167 137 107 160 150 16 166 37 184 28 170 189 64 168 145 6 95 109 90 162 86 46 136 29 22 132 52 32 134 48 119 161 70 177 18 91 92 176 24 94 43 163 158 66 14 83 57 187 63 105 99 55 113 82 192 76 54 31 33 45 112 25 190 129 103 185 191 19 169 9 154 49 197 97 34 56 196 138 152 50 75 116 193 155 141 85 148 126 178 123 7 133 35 65 130 8 199 179 175 4 149 11 15 139 69 84 115 156 143 80 58 127 121 27 165 200 122 79 101 110 171 111 194 108 53 144 135 72 174 89 159 182 151 12 164 195 147 73 71 102 117 21 3 124 

Inst_Index:64 	 City_Num:200 	 Concorde:21.164600 	 MCTS:21.152928 Improve:0.011672 	 Time:2.00 Seconds
Solution: 1 60 5 62 85 194 116 3 59 103 138 88 155 2 23 44 170 64 50 200 168 73 39 34 96 190 178 142 68 106 130 143 74 20 127 27 94 132 128 43 38 14 124 12 123 95 69 18 8 184 118 140 86 55 66 111 77 91 83 93 63 147 54 113 82 197 32 173 160 186 51 11 137 87 158 157 13 25 56 152 22 37 79 75 80 36 31 154 139 72 46 192 30 49 10 84 47 185 177 89 191 7 125 105 169 187 181 199 15 114 156 141 149 144 162 193 57 17 99 159 167 24 28 126 122 33 135 67 175 53 102 165 172 136 120 42 45 90 108 171 97 182 92 161 29 110 131 183 9 16 153 176 148 189 119 40 71 65 21 198 101 196 179 121 48 129 26 163 180 19 107 61 35 52 98 41 115 6 117 76 164 133 109 81 151 58 166 104 134 145 195 188 146 112 174 4 100 150 70 78 


Index_In_Batch: 15, Avg_Concorde_Distance: 21.149909 Avg_MCTS_Distance: 21.153530 Avg_Gap: 0.000171 Total_Time: 9.00 Seconds 
 Beat_Best_Known_Times: 3 Match_Best_Known_Times: 0 Miss_Best_Known_Times: 1 
