Number_of_Instances_In_Current_Batch: 4

Inst_Index:125 	 City_Num:200 	 Concorde:22.228257 	 MCTS:22.326024 Improve:-0.097767 	 Time:8.00 Seconds
Solution: 1 8 134 175 121 99 38 19 52 180 74 36 85 4 172 116 177 23 62 17 136 57 26 135 84 197 92 10 168 158 47 179 194 9 65 140 32 187 186 181 82 34 118 141 39 147 41 55 102 60 48 76 127 69 122 21 43 103 123 18 78 22 150 117 56 97 72 12 189 191 153 35 149 124 80 113 128 161 95 107 148 70 119 14 67 33 188 155 89 93 176 50 178 198 144 142 83 2 28 7 174 5 115 114 61 24 167 137 193 30 173 20 145 25 68 164 129 185 79 101 87 108 90 40 3 59 42 58 184 81 49 29 15 143 156 182 77 104 37 73 86 146 157 106 100 195 160 159 120 31 51 96 138 196 163 53 171 151 111 166 88 46 139 154 192 75 199 131 130 183 125 91 54 63 71 16 110 13 94 105 66 44 109 126 27 170 98 112 162 200 132 64 11 169 45 165 133 6 190 152 

Inst_Index:126 	 City_Num:200 	 Concorde:21.007396 	 MCTS:21.004096 Improve:0.003300 	 Time:8.00 Seconds
Solution: 1 159 32 12 20 23 73 17 75 30 34 38 170 185 15 18 106 62 137 77 87 164 174 70 118 194 180 88 103 94 65 43 144 55 130 163 31 155 128 39 192 56 100 146 10 45 190 37 93 51 36 112 71 67 95 169 142 3 5 58 72 27 158 160 61 108 179 111 33 157 129 187 150 191 101 176 57 50 98 107 14 78 40 113 153 28 81 152 166 19 97 193 11 151 172 199 141 89 104 120 145 66 114 4 184 68 16 25 198 143 125 195 86 24 119 173 124 168 183 46 178 131 91 85 156 165 42 162 26 79 48 21 60 154 200 84 177 196 53 116 99 83 69 105 59 44 167 135 197 35 41 117 115 139 29 182 6 82 64 181 138 90 136 22 74 47 52 140 2 148 188 126 96 49 147 133 122 175 110 9 76 80 149 132 109 7 54 92 186 63 127 13 134 123 102 121 161 8 189 171 

Inst_Index:127 	 City_Num:200 	 Concorde:21.757830 	 MCTS:21.876924 Improve:-0.119093 	 Time:8.01 Seconds
Solution: 1 6 63 25 166 122 163 192 99 43 70 66 140 150 13 59 131 143 190 172 89 64 2 164 147 73 33 4 10 77 157 11 120 176 135 93 128 72 85 24 37 8 141 112 109 45 118 61 82 48 22 97 107 101 42 68 127 180 136 84 55 119 57 65 188 195 173 56 46 199 196 178 36 3 156 161 90 95 103 98 177 9 94 159 168 142 148 181 162 167 62 184 115 174 187 60 16 96 92 151 146 26 123 114 194 20 34 182 171 145 79 130 198 74 21 153 152 32 58 15 87 106 27 19 80 102 134 50 129 100 71 83 31 12 53 116 121 200 175 105 69 108 81 76 52 67 179 185 17 41 44 126 5 51 40 139 88 35 47 144 191 165 160 75 18 155 138 7 30 117 104 78 124 23 91 183 133 137 28 193 125 158 113 186 14 39 189 54 49 170 169 29 110 111 197 149 154 86 38 132 

Inst_Index:128 	 City_Num:200 	 Concorde:21.734611 	 MCTS:21.733801 Improve:0.000810 	 Time:8.00 Seconds
Solution: 1 109 196 125 120 164 96 100 165 173 53 183 138 19 82 116 121 118 144 161 26 140 3 189 108 85 136 150 61 90 40 68 105 139 22 46 123 124 38 143 114 18 55 73 8 128 181 97 110 92 191 134 174 101 14 170 146 157 184 158 77 186 166 29 41 21 175 200 113 153 28 151 171 9 79 27 43 99 178 33 74 180 112 16 48 50 36 182 34 70 198 15 111 23 172 59 6 132 176 192 10 83 137 190 98 159 195 93 135 54 57 193 122 148 155 37 129 168 20 58 42 187 154 62 51 72 169 152 104 7 89 31 84 177 142 86 75 91 194 95 185 67 107 119 115 88 156 103 149 133 64 131 11 147 197 162 24 76 12 47 179 188 71 17 106 13 117 199 102 65 163 2 63 167 32 94 60 87 4 5 127 141 30 81 160 56 69 45 145 130 52 78 44 35 80 25 49 66 39 126 


Index_In_Batch: 31, Avg_Concorde_Distance: 21.682023 Avg_MCTS_Distance: 21.735211 Avg_Gap: 0.002419 Total_Time: 33.08 Seconds 
 Beat_Best_Known_Times: 2 Match_Best_Known_Times: 0 Miss_Best_Known_Times: 2 
