Number_of_Instances_In_Current_Batch: 4

Inst_Index:113 	 City_Num:200 	 Concorde:21.538535 	 MCTS:21.527476 Improve:0.011059 	 Time:2.00 Seconds
Solution: 1 127 49 144 81 186 74 199 145 3 131 113 21 33 11 54 162 90 53 135 149 174 137 10 115 126 132 48 44 9 167 56 35 73 158 183 172 178 8 4 27 133 141 95 100 190 123 88 55 69 19 114 26 175 194 52 32 20 62 7 31 34 72 83 92 134 64 43 119 173 42 15 99 63 142 166 86 108 130 171 184 143 75 164 5 176 185 109 29 105 128 17 65 112 148 85 23 106 76 189 161 30 66 79 160 138 89 151 155 24 41 60 6 182 91 117 94 84 139 181 200 50 59 78 87 37 111 70 40 150 118 61 98 47 77 104 196 18 14 129 12 140 68 136 25 16 57 110 39 22 198 197 157 71 187 191 38 102 80 195 122 58 163 146 28 192 36 156 125 93 46 153 154 179 82 188 51 67 107 45 121 159 193 2 177 169 103 101 96 180 152 147 97 170 168 13 124 116 120 165 

Inst_Index:114 	 City_Num:200 	 Concorde:21.087294 	 MCTS:21.084353 Improve:0.002941 	 Time:2.00 Seconds
Solution: 1 159 65 56 54 25 170 141 35 147 100 28 106 189 163 53 167 103 76 176 94 18 125 162 40 46 139 188 21 169 115 57 160 130 192 17 67 143 161 4 61 152 47 15 36 41 90 118 31 73 86 84 146 157 39 185 135 72 127 166 5 109 37 148 63 97 24 82 96 197 101 123 137 69 9 68 114 158 83 194 119 126 140 105 27 19 80 181 26 116 177 104 52 175 129 48 124 172 10 120 59 60 71 20 182 38 193 164 180 131 187 112 136 191 110 165 92 23 75 117 133 42 6 95 77 99 30 150 3 85 149 11 74 87 49 153 50 174 121 107 184 2 88 155 62 66 34 51 186 98 89 138 122 8 64 70 128 44 12 134 16 14 13 179 171 200 144 108 111 142 195 93 196 55 199 22 178 132 29 113 154 156 81 145 78 7 168 91 173 190 58 32 79 45 198 102 43 33 151 183 

Inst_Index:115 	 City_Num:200 	 Concorde:21.160036 	 MCTS:21.129872 Improve:0.030163 	 Time:2.00 Seconds
Solution: 1 63 198 146 97 147 27 36 4 82 14 67 92 109 64 9 135 136 12 125 140 30 103 34 126 195 189 24 101 106 84 20 120 173 144 142 182 151 148 87 107 111 99 160 7 51 177 85 199 158 167 89 19 39 90 21 83 150 110 129 50 8 79 54 48 78 72 98 40 56 10 149 55 191 172 28 155 178 114 188 44 35 153 86 94 169 197 108 185 58 134 81 68 156 164 138 29 192 96 162 60 193 33 3 42 124 117 180 80 159 122 112 139 127 123 75 174 104 45 91 187 118 137 200 157 154 161 171 196 22 17 74 170 115 13 190 131 31 5 133 105 59 116 61 175 77 145 183 53 2 165 71 73 38 16 194 113 76 37 65 143 184 62 57 69 32 25 88 141 176 47 23 46 18 66 11 168 102 43 121 49 152 95 70 6 181 100 132 41 93 119 163 186 130 52 166 128 26 15 179 

Inst_Index:116 	 City_Num:200 	 Concorde:21.888194 	 MCTS:21.876202 Improve:0.011992 	 Time:2.00 Seconds
Solution: 1 5 166 27 94 39 124 82 121 191 135 53 9 86 169 98 198 18 20 154 16 172 152 175 59 85 142 194 162 91 17 6 28 21 110 70 103 149 133 199 76 120 144 23 31 87 171 107 189 130 188 48 113 190 150 26 176 117 123 55 114 193 93 68 181 77 167 15 106 56 161 52 30 74 125 71 143 127 42 54 180 147 185 116 122 19 67 177 58 141 174 170 163 29 12 159 99 25 132 44 183 41 134 146 61 145 151 22 101 62 165 3 200 8 80 38 100 88 32 155 148 37 81 138 46 187 179 64 78 63 136 69 168 173 65 49 192 160 24 197 102 126 115 195 34 4 118 97 112 90 13 158 51 157 119 139 14 184 95 111 156 33 73 11 137 109 178 182 96 57 92 35 36 129 43 72 196 75 60 186 40 104 164 83 108 47 153 7 140 2 79 89 131 66 50 10 128 84 45 105 


Index_In_Batch: 28, Avg_Concorde_Distance: 21.418514 Avg_MCTS_Distance: 21.404476 Avg_Gap: -0.000657 Total_Time: 9.00 Seconds 
 Beat_Best_Known_Times: 4 Match_Best_Known_Times: 0 Miss_Best_Known_Times: 0 
