Number_of_Instances_In_Current_Batch: 4

Inst_Index:17 	 City_Num:200 	 Concorde:20.968243 	 MCTS:20.942122 Improve:0.026121 	 Time:2.00 Seconds
Solution: 1 129 65 193 8 142 168 84 166 46 20 60 105 57 54 83 27 169 33 172 21 11 75 37 124 95 149 158 133 157 92 12 51 163 131 49 100 2 101 141 17 164 196 52 155 77 55 78 140 72 186 145 4 30 159 156 188 194 183 18 42 102 24 109 96 14 94 86 71 136 31 177 167 198 23 97 178 126 113 137 43 34 7 41 6 67 19 182 150 123 191 161 152 85 199 69 82 127 88 138 89 70 87 179 50 128 62 117 146 5 148 110 130 132 160 15 91 170 154 40 56 103 180 25 9 80 139 122 190 153 16 120 99 195 147 165 44 121 144 114 115 59 22 39 181 173 143 74 184 45 175 174 111 185 118 64 116 112 192 10 47 81 63 107 58 73 200 28 53 171 76 38 189 98 29 134 119 135 162 3 187 197 26 108 48 68 151 106 66 13 61 125 104 36 35 90 79 32 93 176 

Inst_Index:18 	 City_Num:200 	 Concorde:21.693040 	 MCTS:21.677702 Improve:0.015338 	 Time:2.00 Seconds
Solution: 1 21 151 94 89 184 71 46 93 106 14 105 111 19 154 49 59 31 128 85 44 179 55 152 136 13 83 123 153 69 108 10 147 132 27 99 195 150 190 48 78 157 18 196 45 5 191 200 53 54 129 133 173 25 186 100 131 80 26 172 29 103 148 180 185 125 144 118 110 178 163 77 197 142 11 121 8 60 4 115 75 140 34 189 162 9 112 188 120 192 138 194 74 79 40 168 90 102 65 130 20 35 52 67 141 61 181 193 24 97 126 145 88 95 76 199 134 12 17 159 101 30 23 6 182 57 56 22 165 124 63 70 183 135 16 96 109 2 37 42 149 91 47 92 161 170 113 68 66 104 158 82 51 7 15 164 156 62 32 119 87 64 38 177 81 116 3 146 114 36 28 72 176 155 160 171 58 50 167 73 137 175 39 98 187 166 84 127 33 43 86 169 143 41 107 122 117 139 174 198 

Inst_Index:19 	 City_Num:200 	 Concorde:21.058727 	 MCTS:21.036047 Improve:0.022680 	 Time:2.00 Seconds
Solution: 1 97 11 170 24 84 155 27 164 89 95 101 82 35 64 45 116 137 132 110 29 167 177 117 59 109 4 120 176 102 73 43 186 30 189 139 56 180 119 143 125 65 145 15 108 41 184 68 10 71 54 166 49 16 182 173 191 69 159 12 44 5 19 21 144 87 13 37 63 2 154 121 157 31 20 62 3 47 187 100 14 92 199 8 81 151 39 75 171 163 197 138 22 169 112 140 172 142 80 148 32 36 104 85 25 93 88 38 147 123 55 58 48 134 127 193 194 46 198 183 7 160 153 26 34 90 135 126 175 188 40 70 28 179 9 174 57 6 118 141 162 105 79 192 94 99 74 78 185 168 52 195 77 136 23 161 128 42 86 111 152 115 50 146 196 107 130 158 17 165 83 72 96 53 113 98 66 200 190 122 103 133 156 76 131 129 149 18 61 178 181 91 33 51 150 60 67 114 124 106 

Inst_Index:20 	 City_Num:200 	 Concorde:21.230322 	 MCTS:21.224465 Improve:0.005857 	 Time:2.00 Seconds
Solution: 1 84 65 191 14 144 186 146 11 123 149 113 95 150 10 39 90 74 44 117 129 156 107 38 24 159 88 135 72 121 177 173 41 111 188 37 162 55 116 3 148 4 119 94 54 16 181 12 115 53 34 36 15 193 29 178 199 69 77 106 154 66 30 101 62 170 76 158 143 2 20 139 67 183 56 109 174 195 105 68 160 140 19 110 182 49 128 64 7 145 78 45 28 131 151 8 31 118 35 179 80 171 86 120 196 79 194 167 42 132 17 114 187 40 197 13 190 100 83 6 103 48 33 22 97 184 18 126 104 168 70 163 73 137 58 71 52 192 124 43 142 85 172 99 130 134 166 185 136 47 112 57 60 147 175 125 82 9 200 127 153 180 122 26 96 165 75 92 46 189 32 98 27 93 81 152 63 21 141 133 169 87 102 157 164 59 5 108 155 91 51 138 89 176 25 61 23 50 161 198 


Index_In_Batch: 4, Avg_Concorde_Distance: 21.237583 Avg_MCTS_Distance: 21.220084 Avg_Gap: -0.000826 Total_Time: 9.01 Seconds 
 Beat_Best_Known_Times: 4 Match_Best_Known_Times: 0 Miss_Best_Known_Times: 0 
