Number_of_Instances_In_Current_Batch: 4

Inst_Index:37 	 City_Num:200 	 Concorde:21.542481 	 MCTS:21.519733 Improve:0.022748 	 Time:2.00 Seconds
Solution: 1 105 147 198 59 158 30 53 100 37 118 55 179 15 166 27 187 67 81 154 144 124 104 97 83 18 137 64 152 9 167 151 129 185 150 57 74 16 162 172 62 14 10 183 186 123 119 32 184 155 194 21 110 196 120 121 176 177 199 171 113 143 71 107 200 156 85 88 182 63 135 134 44 138 170 46 94 33 117 76 23 197 149 60 190 40 39 31 103 75 50 189 86 47 175 195 146 61 34 51 140 111 69 98 96 116 13 115 161 180 93 4 70 159 153 73 29 25 101 136 7 82 192 191 54 19 56 99 145 106 28 130 95 42 84 22 2 90 49 24 127 92 163 193 173 38 108 142 17 79 133 65 174 80 78 126 3 165 132 66 8 12 164 58 112 157 52 160 139 36 128 169 102 77 5 43 168 89 125 6 148 20 131 188 109 41 48 141 45 91 178 181 72 11 26 35 68 87 122 114 

Inst_Index:38 	 City_Num:200 	 Concorde:21.888876 	 MCTS:21.857447 Improve:0.031429 	 Time:2.00 Seconds
Solution: 1 71 47 70 6 3 107 169 132 164 26 59 197 88 104 142 34 170 79 119 134 7 41 73 65 39 51 176 145 180 100 68 154 118 114 46 147 194 163 50 193 167 2 16 10 172 143 77 13 138 186 152 45 25 109 173 66 106 60 111 183 80 136 151 112 198 139 177 157 81 188 137 144 187 196 102 135 133 199 98 87 185 127 31 146 40 91 125 11 33 189 18 158 83 14 108 22 29 99 159 44 124 24 121 12 89 32 200 130 64 27 9 179 42 86 61 165 94 85 75 182 116 149 90 195 178 28 30 181 129 192 52 175 23 92 126 93 160 57 76 74 122 55 58 62 56 72 103 190 174 110 21 166 153 37 43 63 101 15 168 17 53 5 54 184 155 191 82 19 117 84 156 162 150 35 141 148 115 97 105 95 96 78 69 38 67 171 20 131 128 48 49 123 161 4 36 113 140 8 120 

Inst_Index:39 	 City_Num:200 	 Concorde:21.414689 	 MCTS:21.396509 Improve:0.018179 	 Time:2.00 Seconds
Solution: 1 55 23 112 43 185 113 178 14 72 31 30 128 160 85 58 16 88 45 10 133 125 100 78 3 12 7 101 188 104 193 144 177 91 90 149 199 159 79 162 18 99 36 123 38 20 81 54 9 152 197 53 95 131 39 154 32 168 98 44 187 158 61 151 138 170 62 48 163 141 106 89 192 171 181 96 146 69 56 130 136 92 155 19 8 105 63 65 140 41 190 111 174 76 73 120 116 11 194 34 139 129 109 195 184 74 66 186 59 5 148 75 27 142 82 143 25 161 153 13 191 64 93 77 70 57 87 176 180 124 37 103 94 137 68 21 80 127 165 110 97 173 86 118 164 122 189 196 49 135 114 22 179 108 46 50 24 15 4 47 182 200 6 40 166 26 33 83 134 117 183 145 60 121 52 71 67 115 167 2 175 172 119 147 84 102 126 28 107 150 17 132 51 157 35 156 169 42 29 198 

Inst_Index:40 	 City_Num:200 	 Concorde:21.205338 	 MCTS:21.198867 Improve:0.006471 	 Time:2.00 Seconds
Solution: 1 5 32 2 197 94 106 188 26 136 175 133 172 68 23 154 135 20 34 121 184 163 158 192 122 67 159 21 15 191 4 25 101 131 82 85 91 143 117 36 53 50 77 48 137 22 13 100 115 149 92 108 177 195 97 64 124 55 28 104 71 150 126 27 98 37 185 74 134 51 194 165 69 147 8 178 123 148 190 9 187 83 170 45 60 200 176 19 107 42 93 59 114 29 76 18 39 125 156 103 46 54 198 70 139 118 44 80 49 162 66 130 116 173 10 52 56 112 145 78 167 127 129 151 87 179 161 113 157 81 73 11 96 189 169 180 72 3 99 128 12 182 90 153 102 155 152 193 109 62 75 38 40 86 33 31 164 186 41 144 63 47 95 171 58 89 174 6 14 110 7 57 132 181 65 88 160 30 168 183 119 141 166 84 43 120 199 146 111 105 17 35 142 196 140 61 138 16 24 79 


Index_In_Batch: 9, Avg_Concorde_Distance: 21.512846 Avg_MCTS_Distance: 21.493139 Avg_Gap: -0.000911 Total_Time: 9.01 Seconds 
 Beat_Best_Known_Times: 4 Match_Best_Known_Times: 0 Miss_Best_Known_Times: 0 
