Number_of_Instances_In_Current_Batch: 4

Inst_Index:1 	 City_Num:200 	 Concorde:21.593119 	 MCTS:21.640953 Improve:-0.047835 	 Time:8.00 Seconds
Solution: 1 20 16 3 167 174 5 38 121 29 26 126 139 77 68 100 181 118 128 164 27 76 189 33 50 56 24 53 47 15 57 175 46 96 95 35 103 14 37 10 86 28 31 133 8 49 107 62 179 82 40 61 91 83 152 123 109 4 151 154 88 23 141 160 48 25 55 184 65 7 92 60 106 74 94 188 148 177 146 9 132 78 171 44 85 138 32 196 134 168 129 143 178 58 43 34 187 120 11 169 13 54 87 144 66 193 42 137 180 161 150 97 119 2 90 140 36 192 147 142 19 185 124 52 41 101 130 166 194 159 176 197 105 80 102 195 63 79 45 117 162 156 81 163 200 114 70 158 157 64 72 99 22 145 172 104 191 18 131 116 89 110 98 67 149 165 190 17 173 111 182 112 12 51 75 186 183 125 71 84 199 6 198 30 127 135 73 122 155 115 136 93 21 108 170 59 113 39 153 69 

Inst_Index:2 	 City_Num:200 	 Concorde:20.630109 	 MCTS:20.721281 Improve:-0.091172 	 Time:8.00 Seconds
Solution: 1 99 25 192 108 145 65 178 116 176 26 167 109 98 182 132 7 149 37 51 50 148 54 20 71 189 11 92 29 68 152 30 72 114 58 194 9 173 47 91 111 8 163 38 169 61 129 136 151 59 23 179 4 31 49 5 171 2 166 168 93 200 170 42 103 188 95 187 123 78 139 94 126 45 183 140 48 34 128 60 105 80 172 165 57 73 118 55 19 89 39 14 102 35 12 119 121 150 174 27 112 104 100 84 86 90 143 195 117 22 158 24 82 144 63 13 33 66 161 53 56 138 135 125 197 18 141 32 113 153 43 110 79 62 160 133 184 74 180 142 88 137 186 131 81 83 106 15 198 76 156 16 17 64 164 101 130 6 175 124 69 87 199 44 185 107 127 147 52 146 36 97 75 159 196 191 40 41 120 190 28 115 96 21 85 177 67 162 157 46 122 77 134 181 70 155 3 10 193 154 

Inst_Index:3 	 City_Num:200 	 Concorde:21.490173 	 MCTS:21.643994 Improve:-0.153821 	 Time:8.00 Seconds
Solution: 1 25 127 44 173 5 138 91 72 18 130 7 94 148 97 42 28 48 164 88 40 157 170 139 151 199 128 26 84 200 160 14 85 68 47 32 142 31 137 93 116 27 185 70 90 125 34 99 194 17 108 54 136 6 109 51 162 19 111 24 167 60 11 175 165 102 35 195 144 149 186 96 61 77 143 69 15 100 192 82 126 187 180 66 166 179 78 43 107 145 105 89 8 196 131 33 113 56 87 129 197 190 98 73 50 30 22 163 123 81 65 20 4 55 132 10 174 150 183 121 156 112 171 118 23 57 189 36 62 49 37 184 2 39 46 71 182 140 45 103 158 80 74 79 9 3 13 198 101 21 177 110 188 153 16 104 29 172 124 92 159 154 76 193 141 115 147 64 146 12 119 152 134 168 38 191 95 106 176 114 161 58 59 135 120 178 52 41 181 155 86 133 63 169 67 83 53 122 117 75 

Inst_Index:4 	 City_Num:200 	 Concorde:21.496334 	 MCTS:21.484269 Improve:0.012065 	 Time:8.00 Seconds
Solution: 1 14 121 178 116 17 87 49 113 29 55 142 68 38 90 23 126 169 173 88 145 30 180 71 86 123 139 107 140 31 25 135 101 137 97 6 4 181 125 184 187 188 133 65 174 190 18 74 62 152 80 112 11 13 106 45 170 76 9 163 109 75 132 51 53 147 12 156 198 118 89 158 67 108 83 175 131 48 26 136 199 20 72 105 182 77 69 16 8 195 153 176 168 33 59 99 134 129 61 141 39 194 27 41 130 138 177 115 73 192 143 81 151 124 15 7 50 179 148 24 40 82 60 35 66 117 154 54 164 91 149 19 104 171 95 58 100 37 78 22 5 94 183 146 110 84 2 103 160 122 96 57 186 167 191 46 114 28 64 127 193 36 165 47 21 44 155 56 196 162 32 159 166 102 150 144 92 43 197 172 185 128 157 52 42 34 120 10 63 161 189 98 79 85 70 93 3 200 119 111 


Index_In_Batch: 0, Avg_Concorde_Distance: 21.302434 Avg_MCTS_Distance: 21.372625 Avg_Gap: 0.003308 Total_Time: 33.08 Seconds 
 Beat_Best_Known_Times: 1 Match_Best_Known_Times: 0 Miss_Best_Known_Times: 3 
