Number_of_Instances_In_Current_Batch: 4

Inst_Index:53 	 City_Num:200 	 Concorde:21.467755 	 MCTS:21.448248 Improve:0.019507 	 Time:2.00 Seconds
Solution: 1 89 177 10 22 23 55 99 121 130 198 191 27 161 181 189 113 38 157 80 144 120 145 39 96 81 188 152 79 48 141 49 194 2 101 61 59 108 128 91 87 34 106 158 76 12 123 84 100 135 118 41 183 64 159 170 32 162 115 111 126 116 107 114 70 180 19 192 68 197 196 85 149 167 9 199 139 13 47 168 6 26 184 90 173 31 117 24 104 14 60 155 21 103 77 15 176 166 175 150 153 105 30 71 171 45 16 5 37 179 50 97 3 154 140 125 44 73 119 142 74 33 17 8 46 69 156 98 185 35 110 190 62 36 78 174 148 83 193 143 187 164 95 94 129 133 56 51 138 122 178 182 72 58 42 66 18 86 20 67 4 93 25 7 146 195 172 92 200 109 57 54 82 11 63 75 65 165 163 134 147 137 124 29 136 169 151 160 52 112 40 131 43 127 88 102 28 186 53 132 

Inst_Index:54 	 City_Num:200 	 Concorde:22.074044 	 MCTS:22.055771 Improve:0.018273 	 Time:2.00 Seconds
Solution: 1 29 82 11 69 63 176 47 123 99 70 141 157 50 107 12 174 125 65 161 42 53 66 198 143 79 154 5 121 158 6 9 91 162 24 30 194 132 31 10 80 7 87 14 191 54 39 18 115 131 77 38 19 61 3 170 95 199 43 137 119 52 73 189 168 145 88 72 101 136 86 187 62 169 183 147 8 28 179 126 34 177 186 200 159 89 188 133 25 106 26 15 74 171 140 84 48 32 138 17 41 85 92 172 129 108 150 164 55 128 90 165 102 178 60 135 111 21 142 104 98 81 124 57 184 83 75 148 68 117 180 56 192 116 45 58 120 112 16 71 122 27 20 139 185 96 144 97 33 76 193 181 46 156 190 127 182 105 109 51 40 196 59 149 64 94 49 13 160 163 2 130 118 134 151 22 197 175 155 23 37 167 152 114 110 153 103 93 166 35 173 78 195 100 113 4 36 44 67 146 

Inst_Index:55 	 City_Num:200 	 Concorde:21.682165 	 MCTS:21.673694 Improve:0.008471 	 Time:2.00 Seconds
Solution: 1 18 111 29 61 8 56 94 113 150 153 72 23 20 195 193 148 82 33 79 62 187 65 174 138 166 132 181 179 71 199 68 25 114 76 11 14 37 10 60 127 176 117 184 36 26 134 3 44 115 180 155 124 38 6 87 151 83 53 69 93 32 136 125 141 144 74 131 147 21 98 160 172 110 154 100 59 126 2 17 192 120 108 189 27 178 157 182 135 4 130 188 143 30 97 140 55 96 80 169 196 90 112 191 50 177 129 164 19 95 41 13 35 156 145 28 173 15 101 86 12 105 146 123 46 152 142 186 22 16 66 159 106 170 9 171 85 78 139 121 57 24 99 89 48 5 198 103 128 64 116 200 54 42 70 183 67 51 45 194 92 88 163 31 75 81 73 149 34 7 77 109 197 122 133 168 52 40 47 107 167 91 162 175 63 58 137 119 49 102 118 161 190 39 185 84 165 43 104 158 

Inst_Index:56 	 City_Num:200 	 Concorde:22.084235 	 MCTS:22.078644 Improve:0.005592 	 Time:2.00 Seconds
Solution: 1 2 66 132 127 145 128 123 50 34 111 175 106 33 155 62 70 144 40 100 192 76 168 186 26 130 85 101 28 72 68 153 9 200 21 30 97 90 157 190 176 131 96 112 114 29 11 55 119 189 184 107 110 148 63 117 91 121 195 199 79 164 141 18 169 95 25 118 89 137 188 124 8 37 43 108 196 129 194 27 23 4 52 146 65 10 94 136 49 109 156 163 19 174 161 187 48 178 135 41 74 152 134 12 125 197 92 81 151 60 154 180 165 159 32 98 120 167 99 193 20 102 14 77 73 138 15 87 133 45 182 17 191 58 172 158 142 149 171 115 24 31 104 198 42 150 147 6 13 57 56 51 122 44 22 181 84 80 162 83 35 38 185 59 7 36 5 78 93 71 170 183 46 143 39 16 116 140 64 160 61 88 53 177 105 113 67 179 69 47 82 3 103 54 75 166 139 126 86 173 


Index_In_Batch: 13, Avg_Concorde_Distance: 21.827050 Avg_MCTS_Distance: 21.814089 Avg_Gap: -0.000595 Total_Time: 9.00 Seconds 
 Beat_Best_Known_Times: 4 Match_Best_Known_Times: 0 Miss_Best_Known_Times: 0 
