Number_of_Instances_In_Current_Batch: 4

Inst_Index:21 	 City_Num:200 	 Concorde:21.249870 	 MCTS:21.249286 Improve:0.000585 	 Time:2.00 Seconds
Solution: 1 27 93 110 97 143 160 125 136 60 107 108 191 185 11 195 121 33 81 75 152 5 4 197 78 74 52 57 21 15 159 103 122 7 90 26 157 23 42 12 65 69 50 182 35 25 43 131 32 87 187 169 17 118 64 139 138 95 162 119 72 70 178 174 127 91 62 85 16 149 102 158 194 6 14 184 58 76 165 130 101 104 133 123 3 113 106 83 135 88 53 73 164 80 147 49 54 55 22 192 40 94 144 172 41 9 151 124 171 82 51 188 39 36 24 145 163 20 89 148 34 166 126 46 92 150 18 99 153 181 173 105 156 31 186 183 128 115 193 161 13 154 8 141 129 45 190 180 61 96 66 155 84 71 199 137 29 198 146 112 37 175 44 189 177 116 98 120 79 63 196 100 117 142 109 67 10 86 179 132 168 19 176 77 48 56 140 114 167 111 28 170 2 47 68 134 59 38 200 30 

Inst_Index:22 	 City_Num:200 	 Concorde:21.910352 	 MCTS:21.900868 Improve:0.009484 	 Time:2.00 Seconds
Solution: 1 95 131 110 140 108 147 200 181 41 77 169 92 34 39 23 12 21 70 9 54 162 65 157 44 121 119 171 10 142 116 6 102 20 43 3 111 160 188 73 135 63 67 7 144 29 178 55 80 198 18 120 38 118 22 49 175 83 199 48 165 146 153 66 196 132 128 60 167 123 4 57 42 59 163 168 71 86 16 13 50 45 26 31 14 112 2 5 113 166 85 194 184 19 32 52 8 156 176 101 90 15 158 185 117 187 56 141 154 192 78 103 148 46 81 89 191 149 138 125 114 61 72 145 37 88 74 183 161 99 17 105 180 104 64 47 28 195 115 94 197 122 76 40 126 129 30 68 97 69 174 27 25 139 36 84 87 186 24 179 182 173 136 127 33 106 79 164 134 35 193 109 58 91 130 133 107 190 152 82 11 155 93 189 151 53 75 159 150 98 96 137 177 124 143 51 100 62 170 172 

Inst_Index:23 	 City_Num:200 	 Concorde:21.842375 	 MCTS:21.842375 Improve:-0.000000 	 Time:2.00 Seconds
Solution: 1 162 39 168 78 6 26 191 101 134 166 196 93 27 149 110 169 189 76 175 14 37 121 25 185 87 15 118 115 13 138 28 152 151 83 43 105 155 99 19 17 156 44 70 20 4 188 150 167 81 125 80 69 103 11 131 12 170 34 52 114 56 106 8 77 184 24 122 186 161 157 132 32 154 102 53 98 42 100 40 181 16 123 172 36 33 55 30 180 57 9 187 65 71 22 119 7 50 160 183 177 85 54 111 3 139 141 58 112 5 46 59 126 190 116 90 198 128 129 75 153 127 104 178 72 51 135 109 158 140 49 86 95 82 159 79 67 66 143 41 133 136 29 68 176 2 47 31 193 92 48 64 179 163 63 88 113 199 117 35 142 108 182 91 137 148 84 45 194 73 195 120 192 18 173 62 130 97 124 164 146 74 144 10 23 96 171 60 94 200 174 21 165 145 107 61 89 147 38 197 

Inst_Index:24 	 City_Num:200 	 Concorde:21.327307 	 MCTS:21.296775 Improve:0.030532 	 Time:2.00 Seconds
Solution: 1 35 65 21 114 73 165 99 92 64 18 53 142 72 160 188 22 47 70 24 117 4 27 56 116 8 17 74 7 50 193 109 107 115 2 85 100 162 57 46 164 157 44 80 146 103 167 45 190 131 15 58 90 118 16 43 11 156 172 150 39 59 84 127 139 31 121 55 52 138 95 123 134 183 13 124 199 125 12 195 10 14 161 96 36 166 89 104 106 126 136 86 130 111 94 198 181 186 173 40 63 176 54 48 197 184 68 61 108 196 112 177 187 120 144 19 163 66 135 140 88 129 169 179 149 30 141 26 98 151 185 32 119 105 128 38 147 75 77 3 145 28 170 83 33 49 152 20 154 69 137 25 101 78 67 113 174 153 76 34 51 178 60 93 91 71 171 37 41 155 189 158 97 133 81 168 159 110 132 87 102 42 200 192 5 29 148 122 6 182 9 62 180 191 82 79 23 143 175 194 


Index_In_Batch: 5, Avg_Concorde_Distance: 21.582476 Avg_MCTS_Distance: 21.572326 Avg_Gap: -0.000473 Total_Time: 9.00 Seconds 
 Beat_Best_Known_Times: 3 Match_Best_Known_Times: 1 Miss_Best_Known_Times: 0 
