Number_of_Instances_In_Current_Batch: 4

Inst_Index:29 	 City_Num:200 	 Concorde:22.198258 	 MCTS:22.197475 Improve:0.000783 	 Time:2.00 Seconds
Solution: 1 18 106 185 127 68 98 8 86 81 67 198 99 45 193 40 41 50 60 28 11 109 35 142 4 130 5 43 122 194 10 54 17 94 27 195 151 172 168 189 37 82 83 105 183 152 136 97 29 56 12 178 13 79 112 61 119 125 182 90 124 70 87 63 88 23 163 144 192 42 167 135 117 149 103 132 80 156 128 31 173 2 174 171 199 197 162 20 139 153 36 181 138 66 89 72 73 116 177 26 57 170 65 74 187 145 77 22 102 166 15 3 150 107 186 154 134 33 92 6 155 30 188 49 179 71 120 38 169 46 76 175 19 191 7 84 200 141 52 196 75 62 118 47 64 100 96 32 137 165 58 114 190 51 140 113 95 93 48 39 157 69 85 121 111 131 55 78 147 123 143 25 159 115 160 146 108 9 101 176 91 148 110 164 158 184 126 34 16 161 59 21 14 44 24 129 53 180 133 104 

Inst_Index:30 	 City_Num:200 	 Concorde:21.790044 	 MCTS:21.790044 Improve:-0.000000 	 Time:2.00 Seconds
Solution: 1 95 183 160 105 85 72 61 98 120 106 26 81 182 126 65 114 7 174 164 132 25 199 32 51 12 100 170 177 169 62 93 109 39 115 184 117 171 163 103 21 152 190 176 82 14 108 58 130 124 173 193 138 56 179 23 90 54 97 189 42 128 134 200 196 57 20 102 137 156 187 186 84 35 9 89 53 149 155 4 78 52 74 83 55 195 139 77 116 37 38 129 46 40 172 178 131 111 141 158 110 13 70 48 133 64 28 16 15 41 99 5 188 167 49 69 66 6 88 22 86 175 113 127 11 198 112 165 63 192 60 140 92 146 161 185 194 101 10 159 43 157 34 80 181 119 150 19 147 118 145 135 73 50 59 31 191 76 91 45 136 30 162 17 47 143 144 27 79 94 18 33 67 197 125 166 29 104 36 151 180 142 3 24 44 122 8 96 121 153 71 2 107 68 87 168 75 148 123 154 

Inst_Index:31 	 City_Num:200 	 Concorde:21.608915 	 MCTS:21.594257 Improve:0.014658 	 Time:2.00 Seconds
Solution: 1 56 168 77 111 106 5 187 46 16 196 37 26 90 42 76 142 123 70 157 166 164 47 165 167 82 81 85 160 95 72 73 34 194 170 74 91 152 121 3 162 156 102 122 128 180 192 132 200 154 153 114 189 159 83 149 101 186 28 176 14 108 117 174 89 150 173 9 64 22 197 36 79 110 61 45 130 4 94 63 33 112 66 43 125 163 38 35 169 115 88 118 6 179 54 185 50 199 144 113 86 188 7 62 15 67 139 171 93 190 105 148 59 49 131 198 126 141 134 182 25 78 84 20 30 193 135 183 2 57 138 137 29 104 8 96 68 195 23 44 98 17 92 60 19 100 177 155 143 58 75 55 65 151 103 24 175 124 27 109 129 21 32 52 80 120 147 99 140 191 71 178 18 69 127 146 48 136 87 10 145 11 181 31 119 51 53 97 12 116 41 158 107 13 172 161 40 133 39 184 

Inst_Index:32 	 City_Num:200 	 Concorde:21.078582 	 MCTS:21.068722 Improve:0.009860 	 Time:2.00 Seconds
Solution: 1 23 7 142 75 153 11 32 8 129 119 152 136 177 137 30 183 77 180 128 110 22 91 55 115 156 31 93 9 120 158 94 197 42 24 84 133 14 192 15 76 49 117 51 134 82 174 168 195 147 46 73 126 56 96 163 39 35 154 178 130 81 187 68 98 97 196 99 85 103 116 102 193 92 123 60 198 155 58 83 47 109 80 52 159 165 41 175 19 61 36 125 71 12 79 169 150 40 44 74 146 141 104 171 70 57 65 87 161 184 90 107 45 186 105 2 27 194 149 166 122 135 118 176 43 148 151 13 173 100 62 33 34 182 190 145 48 124 38 59 172 72 140 20 95 157 189 26 112 21 88 139 181 69 106 113 10 53 144 164 3 16 131 167 17 185 127 50 162 4 121 114 5 63 54 138 200 108 67 6 160 170 78 86 179 29 28 143 37 191 64 199 132 111 66 18 89 25 101 188 


Index_In_Batch: 7, Avg_Concorde_Distance: 21.668950 Avg_MCTS_Distance: 21.662625 Avg_Gap: -0.000295 Total_Time: 9.02 Seconds 
 Beat_Best_Known_Times: 3 Match_Best_Known_Times: 1 Miss_Best_Known_Times: 0 
