Number_of_Instances_In_Current_Batch: 4

Inst_Index:45 	 City_Num:200 	 Concorde:21.393097 	 MCTS:21.441739 Improve:-0.048642 	 Time:8.00 Seconds
Solution: 1 84 159 56 186 124 197 122 62 144 102 38 193 149 140 195 182 7 113 143 69 176 71 166 74 40 160 154 70 190 105 55 123 112 181 91 151 170 158 3 104 92 89 10 5 157 11 2 183 129 25 145 192 6 60 93 19 17 80 171 148 75 23 37 179 97 14 128 90 103 33 164 47 163 161 117 196 147 81 21 50 8 131 57 35 16 76 130 49 26 118 73 200 162 94 41 32 52 59 169 155 34 66 178 198 115 106 79 137 45 127 44 156 9 30 111 121 64 177 150 43 20 185 51 4 77 42 199 173 67 107 142 46 63 78 85 141 152 188 99 134 109 65 175 174 180 119 139 187 100 110 82 36 29 184 135 27 165 153 168 116 53 132 108 54 72 101 68 95 172 28 24 189 15 18 136 22 13 146 114 98 12 87 83 31 48 120 86 39 61 126 167 96 133 58 88 138 194 125 191 

Inst_Index:46 	 City_Num:200 	 Concorde:21.356177 	 MCTS:21.452907 Improve:-0.096730 	 Time:8.00 Seconds
Solution: 1 68 113 83 137 59 159 188 141 145 51 146 112 170 153 73 19 55 29 60 104 18 37 193 35 116 42 156 44 93 100 181 23 84 64 47 123 171 105 194 139 172 81 166 114 143 77 45 17 30 124 10 158 180 13 110 98 62 91 115 152 11 50 39 126 163 122 61 138 36 32 147 149 49 173 174 48 164 199 162 52 196 136 192 66 129 182 69 178 7 131 97 12 183 90 125 92 200 161 15 43 150 108 25 103 46 106 67 94 102 187 85 53 80 31 118 72 71 4 167 95 151 168 133 65 14 99 197 160 155 38 6 119 56 195 177 109 8 33 74 63 120 186 54 96 175 185 26 86 198 127 130 27 154 179 101 176 82 75 144 135 111 22 89 57 9 157 140 5 28 189 169 132 148 190 58 121 78 24 21 191 88 79 117 128 87 134 41 107 165 40 142 34 76 70 20 3 2 16 184 

Inst_Index:47 	 City_Num:200 	 Concorde:21.654261 	 MCTS:21.647267 Improve:0.006994 	 Time:8.00 Seconds
Solution: 1 92 71 6 174 11 42 15 90 56 195 115 91 108 51 148 198 197 149 182 118 74 75 38 50 82 107 27 165 151 139 175 66 100 3 105 104 30 144 48 7 16 146 147 169 45 176 194 24 95 119 145 63 116 143 189 29 162 14 28 65 43 180 98 79 124 78 179 5 89 160 22 199 133 57 80 190 53 4 102 192 40 168 127 154 77 121 99 186 9 128 134 103 76 49 46 25 72 135 37 68 131 111 41 23 172 39 112 184 81 173 10 32 113 2 18 181 55 54 13 117 93 141 156 130 35 26 59 185 126 138 132 67 20 83 84 58 200 142 8 125 33 17 52 69 88 129 157 188 34 62 73 183 12 31 101 109 164 120 47 163 97 137 196 191 158 166 136 155 150 170 110 122 70 123 153 94 159 64 187 161 60 177 167 61 140 106 178 36 19 86 193 87 114 44 21 85 96 152 171 

Inst_Index:48 	 City_Num:200 	 Concorde:21.288361 	 MCTS:21.284494 Improve:0.003866 	 Time:8.00 Seconds
Solution: 1 45 172 104 46 144 130 123 2 124 103 106 8 121 118 134 133 18 88 157 20 84 32 65 179 101 112 70 12 7 152 52 125 176 192 29 66 196 13 177 182 26 151 131 37 194 168 44 116 135 161 15 68 187 153 154 146 120 94 33 23 148 150 105 86 43 108 64 128 186 197 184 47 180 167 76 49 79 63 191 48 156 147 97 40 122 98 54 50 42 181 166 91 155 36 170 173 10 4 185 114 3 5 90 189 41 199 82 57 137 14 162 132 62 158 115 73 138 39 85 149 21 83 16 169 59 17 92 74 11 9 164 22 190 25 35 56 96 24 72 78 60 117 69 107 61 30 95 198 38 200 119 102 145 163 111 188 129 160 174 77 183 34 109 100 142 171 139 178 195 136 140 127 93 28 67 110 141 175 113 99 126 58 6 89 27 31 55 19 81 53 159 51 87 165 75 143 71 80 193 


Index_In_Batch: 11, Avg_Concorde_Distance: 21.422974 Avg_MCTS_Distance: 21.456602 Avg_Gap: 0.001575 Total_Time: 33.08 Seconds 
 Beat_Best_Known_Times: 2 Match_Best_Known_Times: 0 Miss_Best_Known_Times: 2 
