Number_of_Instances_In_Current_Batch: 4

Inst_Index:25 	 City_Num:200 	 Concorde:22.534305 	 MCTS:22.518977 Improve:0.015328 	 Time:2.00 Seconds
Solution: 1 17 59 179 143 167 19 158 32 89 176 68 149 13 10 193 80 153 25 178 21 154 155 47 62 57 140 168 90 85 37 105 15 6 131 166 165 76 52 136 120 16 40 101 162 28 191 170 156 161 27 188 100 117 147 157 91 94 164 109 78 87 38 124 43 56 159 64 30 66 197 174 144 84 22 29 60 151 171 55 88 86 160 8 196 185 137 163 116 73 110 126 35 139 192 118 92 111 44 98 184 42 130 113 133 69 182 24 107 121 138 46 77 34 54 200 39 33 103 125 12 129 132 81 104 119 67 95 23 150 142 146 3 194 26 122 181 45 36 175 127 115 172 4 72 183 65 134 108 97 9 180 41 186 49 112 152 71 11 93 61 199 187 141 128 79 106 189 70 198 145 102 20 7 51 18 83 99 75 190 63 123 177 48 169 195 173 96 31 58 50 135 114 74 82 2 14 5 148 53 

Inst_Index:26 	 City_Num:200 	 Concorde:22.124841 	 MCTS:22.105993 Improve:0.018848 	 Time:2.00 Seconds
Solution: 1 33 195 19 43 198 26 114 9 8 111 142 85 154 73 188 30 141 112 117 182 70 157 80 146 4 170 130 65 132 10 120 106 140 151 68 104 14 5 156 122 192 185 137 176 131 71 66 172 92 15 133 160 158 113 173 58 81 46 183 165 166 118 116 119 48 54 22 187 180 191 13 135 87 199 152 59 105 3 190 47 115 161 153 186 55 75 159 196 174 145 134 79 98 99 83 179 169 34 50 52 60 44 11 107 103 77 148 29 24 138 56 74 49 20 181 36 69 78 128 63 102 144 150 97 16 86 18 35 100 171 21 27 184 127 178 6 94 175 136 193 139 42 129 162 168 37 126 95 197 67 89 149 12 45 108 155 41 61 2 147 200 189 164 93 88 17 194 125 91 51 38 31 123 177 40 57 167 7 25 143 163 121 90 32 53 76 39 109 23 101 96 110 62 72 124 28 64 84 82 

Inst_Index:27 	 City_Num:200 	 Concorde:21.629529 	 MCTS:21.613536 Improve:0.015992 	 Time:2.00 Seconds
Solution: 1 18 34 125 61 78 54 159 30 92 131 4 155 120 190 33 132 2 142 179 69 110 23 165 158 156 134 133 24 48 186 59 65 102 181 39 107 71 147 109 17 100 98 68 45 67 153 172 26 74 52 178 32 72 189 144 176 174 76 148 49 199 41 154 14 169 188 38 99 195 163 97 81 170 43 9 75 66 160 129 177 46 185 56 95 152 167 85 112 136 94 137 55 44 128 166 7 119 5 19 140 15 3 60 194 138 47 86 162 28 20 37 106 161 108 197 135 8 111 127 192 105 116 73 200 171 6 184 82 63 117 191 42 198 57 141 123 84 126 150 175 180 16 80 50 93 89 29 35 193 53 64 187 104 124 58 118 88 130 70 122 96 36 10 77 79 143 183 27 25 103 157 113 121 139 196 51 13 145 62 182 83 21 149 11 91 22 115 31 151 87 12 146 101 168 40 164 90 114 173 

Inst_Index:28 	 City_Num:200 	 Concorde:22.201347 	 MCTS:22.181790 Improve:0.019557 	 Time:2.00 Seconds
Solution: 1 55 164 166 101 95 134 78 156 19 169 180 150 72 121 25 191 75 109 31 137 162 126 131 178 47 132 38 20 64 135 46 33 83 39 84 77 62 3 79 136 36 197 11 42 151 125 194 97 122 8 188 58 87 171 148 9 186 165 153 37 76 124 196 154 35 108 94 138 69 7 111 143 123 81 102 41 190 24 43 130 175 80 181 89 149 99 185 56 48 93 68 105 147 161 32 118 100 15 60 110 189 85 163 176 140 10 66 159 90 49 22 198 71 6 29 200 88 128 187 129 70 182 113 17 16 115 57 103 146 179 158 53 160 193 92 172 127 82 73 13 170 12 192 67 65 120 91 116 155 139 34 107 184 59 63 174 145 86 14 96 133 52 61 199 2 98 44 21 117 195 74 119 114 51 152 26 5 27 168 104 50 141 54 177 183 167 4 23 112 142 45 30 157 144 28 40 106 18 173 


Index_In_Batch: 6, Avg_Concorde_Distance: 22.122505 Avg_MCTS_Distance: 22.105074 Avg_Gap: -0.000788 Total_Time: 9.04 Seconds 
 Beat_Best_Known_Times: 4 Match_Best_Known_Times: 0 Miss_Best_Known_Times: 0 
