Number_of_Instances_In_Current_Batch: 4

Inst_Index:5 	 City_Num:200 	 Concorde:21.367844 	 MCTS:21.331974 Improve:0.035871 	 Time:2.00 Seconds
Solution: 1 28 41 62 100 122 185 67 142 120 151 188 180 102 78 181 19 125 66 162 49 53 105 112 95 43 97 143 17 116 183 84 114 20 59 93 171 113 81 187 85 193 109 91 60 168 40 86 22 89 5 6 117 135 123 170 138 184 132 37 55 110 27 2 160 12 156 167 54 68 124 25 80 145 153 178 137 164 126 21 3 108 7 144 133 161 45 163 90 94 33 121 150 186 199 92 159 39 98 141 169 196 32 82 182 192 75 46 18 71 189 166 9 26 103 190 13 195 96 177 36 106 35 139 52 146 101 64 76 128 8 65 148 198 30 15 42 4 56 119 23 87 154 34 83 99 131 72 127 11 152 79 197 51 63 155 172 115 104 48 69 191 200 47 129 16 31 176 158 50 174 111 140 157 58 10 77 14 165 73 118 29 136 134 130 70 24 149 194 57 107 179 88 44 147 38 173 175 61 74 

Inst_Index:6 	 City_Num:200 	 Concorde:21.342453 	 MCTS:21.342453 Improve:0.000000 	 Time:2.00 Seconds
Solution: 1 6 54 17 152 80 162 166 68 3 36 46 70 7 59 32 76 198 2 164 52 43 195 196 200 104 126 142 106 16 175 4 98 8 94 113 37 13 182 193 24 135 23 119 69 185 138 47 146 99 117 123 179 35 51 49 115 122 14 145 90 34 161 157 82 149 190 12 101 95 85 147 66 133 159 19 183 33 174 151 150 89 197 78 10 111 81 139 153 44 74 156 140 18 93 136 170 29 194 127 31 121 124 73 72 77 130 9 41 199 144 110 45 132 42 173 128 56 181 63 180 58 192 67 137 64 5 102 186 25 148 30 84 71 118 172 114 48 171 87 26 105 176 60 163 116 165 55 88 169 79 65 120 20 22 40 100 91 134 154 129 108 50 167 103 188 75 178 184 61 15 143 38 97 177 92 191 21 86 83 141 168 187 125 158 11 39 62 131 28 155 107 57 109 160 112 27 53 96 189 

Inst_Index:7 	 City_Num:200 	 Concorde:21.317862 	 MCTS:21.303193 Improve:0.014669 	 Time:2.00 Seconds
Solution: 1 54 49 156 120 7 106 35 10 143 42 134 25 193 36 71 176 73 165 83 30 33 180 34 130 142 163 162 75 90 117 119 186 121 173 178 51 84 140 129 185 52 109 89 152 12 37 60 21 116 169 160 87 166 144 161 100 43 198 4 53 113 133 196 159 15 79 170 146 194 103 32 11 147 137 3 182 74 150 183 85 46 27 40 95 29 111 171 151 168 191 118 14 112 132 148 92 135 8 189 70 94 149 78 13 158 64 197 155 88 190 195 124 138 177 97 39 38 136 153 199 93 48 62 28 50 131 24 115 5 45 81 96 175 77 164 107 123 16 67 99 104 110 172 76 108 68 125 9 55 23 145 105 179 187 59 126 31 56 66 181 57 128 72 20 22 127 91 82 141 17 188 58 157 44 122 2 200 47 114 86 61 139 101 18 184 19 65 154 174 102 6 192 69 167 41 98 63 26 80 

Inst_Index:8 	 City_Num:200 	 Concorde:21.114958 	 MCTS:21.113261 Improve:0.001697 	 Time:2.00 Seconds
Solution: 1 13 12 59 175 68 180 120 155 127 29 152 169 102 139 79 194 94 154 101 178 43 190 83 51 143 7 61 105 170 140 87 148 129 158 145 50 35 39 92 57 56 48 130 113 41 90 193 81 93 187 124 162 172 38 82 40 142 46 103 37 173 168 128 182 166 106 99 183 80 4 5 21 108 176 49 134 121 85 75 110 16 131 167 104 153 115 136 135 179 36 160 20 67 185 188 6 15 27 66 76 163 71 165 197 32 156 77 116 144 122 164 65 195 73 88 191 25 55 150 189 63 171 44 17 8 98 114 109 3 123 58 30 125 149 159 118 64 133 184 45 72 97 28 141 161 84 138 117 119 33 100 18 31 24 42 11 52 157 95 107 126 26 132 192 19 69 22 199 112 198 86 146 54 177 47 186 196 10 9 91 62 111 70 181 53 78 74 137 60 151 34 174 14 2 89 147 23 200 96 


Index_In_Batch: 1, Avg_Concorde_Distance: 21.285779 Avg_MCTS_Distance: 21.272720 Avg_Gap: -0.000612 Total_Time: 9.01 Seconds 
 Beat_Best_Known_Times: 3 Match_Best_Known_Times: 1 Miss_Best_Known_Times: 0 
