Number_of_Instances_In_Current_Batch: 4

Inst_Index:81 	 City_Num:200 	 Concorde:21.441936 	 MCTS:21.433034 Improve:0.008902 	 Time:2.00 Seconds
Solution: 1 165 95 65 170 118 93 195 164 158 140 116 177 186 107 75 190 120 134 63 38 163 55 26 79 68 148 58 193 52 113 142 82 12 182 100 97 84 57 50 20 119 179 37 135 47 21 152 19 4 27 183 66 7 29 62 143 46 144 141 54 35 71 171 45 157 25 39 136 33 161 117 196 74 109 194 77 60 139 72 70 199 198 10 69 24 103 188 18 13 67 189 166 178 181 160 61 169 122 42 49 80 127 36 16 176 138 86 121 90 174 110 146 9 132 156 89 126 180 175 2 6 56 101 151 124 115 64 5 105 106 114 200 88 81 172 125 133 111 94 137 53 197 48 83 128 185 149 159 14 112 31 131 34 168 15 3 85 145 44 104 41 150 130 8 162 22 108 23 155 102 30 98 51 191 99 40 76 73 59 96 11 173 78 43 167 28 17 184 92 123 129 153 192 32 87 147 91 154 187 

Inst_Index:82 	 City_Num:200 	 Concorde:21.044995 	 MCTS:21.035765 Improve:0.009230 	 Time:2.00 Seconds
Solution: 1 86 107 183 173 52 132 137 164 125 117 25 110 15 138 44 165 140 65 78 73 197 155 124 127 27 72 66 48 170 85 171 144 3 7 92 142 114 64 193 186 172 45 189 22 93 70 176 68 10 111 32 87 17 113 126 82 169 71 9 59 187 116 112 24 31 57 34 150 177 174 130 129 157 75 146 131 33 20 190 185 199 108 63 54 21 106 36 13 55 94 96 134 38 51 118 62 40 77 154 97 95 35 184 79 182 58 8 60 133 11 109 105 175 168 2 191 152 47 159 76 136 158 104 119 149 18 148 160 178 69 28 19 26 180 4 80 166 43 61 5 181 90 6 29 195 102 88 151 161 53 37 121 120 39 14 200 162 103 12 49 188 91 50 41 179 84 101 42 100 139 147 163 156 194 167 67 196 123 128 74 145 153 98 81 23 83 46 198 99 192 89 141 135 30 56 143 16 115 122 

Inst_Index:83 	 City_Num:200 	 Concorde:20.504413 	 MCTS:20.450505 Improve:0.053908 	 Time:2.00 Seconds
Solution: 1 85 17 114 180 115 177 22 34 171 101 157 50 116 4 42 102 9 138 77 195 142 44 81 72 150 169 143 53 55 66 110 155 24 54 64 152 196 86 39 190 51 79 93 153 132 61 49 183 193 26 32 103 198 41 91 170 84 187 186 134 140 15 75 78 113 149 43 31 163 105 151 60 200 124 38 189 62 6 94 118 8 185 99 87 29 63 58 73 59 11 100 109 168 40 89 69 139 161 13 35 184 12 162 188 19 145 56 175 74 96 45 36 28 128 10 167 127 165 160 68 129 27 164 97 67 144 18 148 21 159 108 131 146 92 107 2 90 182 174 181 25 141 197 123 57 192 30 172 52 7 154 23 166 47 70 95 83 156 76 48 5 173 179 137 71 119 82 33 80 37 136 194 20 176 199 3 135 46 191 178 126 158 65 117 88 122 104 130 125 14 106 112 98 133 147 120 111 16 121 

Inst_Index:84 	 City_Num:200 	 Concorde:21.202809 	 MCTS:21.202004 Improve:0.000805 	 Time:2.00 Seconds
Solution: 1 114 39 187 14 72 55 182 23 108 11 21 200 164 37 113 196 87 75 3 185 76 19 192 184 80 73 90 8 61 7 13 51 33 78 98 163 65 106 57 66 167 165 85 137 31 173 158 126 4 189 22 198 161 195 120 109 142 26 194 25 138 151 34 59 77 2 52 143 128 107 70 149 16 27 5 135 63 118 64 150 146 147 115 32 104 45 123 48 117 176 124 79 41 152 18 12 183 89 92 140 6 105 127 56 133 188 156 116 24 148 197 110 155 15 169 97 86 159 174 181 178 82 132 20 58 36 111 190 129 160 54 125 175 17 168 144 35 179 71 88 136 191 69 67 141 172 131 139 10 60 162 166 50 84 81 171 62 122 154 121 94 93 99 53 95 100 74 9 44 199 29 102 112 42 47 193 153 180 134 43 186 46 91 170 130 28 101 49 38 30 119 96 68 40 103 177 145 83 157 


Index_In_Batch: 20, Avg_Concorde_Distance: 21.048538 Avg_MCTS_Distance: 21.030327 Avg_Gap: -0.000880 Total_Time: 9.01 Seconds 
 Beat_Best_Known_Times: 4 Match_Best_Known_Times: 0 Miss_Best_Known_Times: 0 
