Number_of_Instances_In_Current_Batch: 4

Inst_Index:113 	 City_Num:200 	 Concorde:21.538535 	 MCTS:21.607120 Improve:-0.068585 	 Time:8.00 Seconds
Solution: 1 127 49 144 81 186 74 199 145 3 131 113 21 33 133 27 4 8 11 54 162 90 53 135 178 149 174 137 10 115 126 132 48 44 9 167 56 35 73 158 183 172 99 63 142 166 15 86 42 108 130 171 184 143 75 164 5 173 119 43 64 134 92 83 72 34 31 7 62 20 32 52 95 141 100 190 123 88 55 69 19 114 26 175 194 76 106 23 85 148 112 65 17 128 105 29 109 185 176 39 22 198 197 191 38 187 71 157 110 57 16 25 136 68 140 12 104 196 18 129 14 102 80 195 122 58 163 77 47 98 61 118 150 40 70 111 37 87 78 59 50 200 139 181 138 79 160 189 161 30 66 89 151 155 24 41 60 6 182 91 84 117 94 28 146 192 36 156 125 93 46 153 154 179 82 188 51 67 107 45 121 159 193 2 177 169 103 101 96 180 152 147 97 170 168 13 124 116 120 165 

Inst_Index:114 	 City_Num:200 	 Concorde:21.087294 	 MCTS:21.198438 Improve:-0.111144 	 Time:8.00 Seconds
Solution: 1 159 65 56 134 16 14 13 179 171 200 144 108 111 142 195 93 196 178 132 22 55 199 173 91 168 7 78 113 29 154 156 81 145 36 41 15 47 37 90 118 31 73 86 84 146 157 39 185 135 72 127 166 5 109 148 63 97 24 82 96 197 101 123 137 69 9 68 114 158 83 194 119 126 140 105 27 19 80 181 26 116 177 104 52 175 129 48 124 10 172 131 180 187 112 107 121 184 2 88 155 174 50 62 66 34 98 89 186 51 153 49 87 74 11 3 149 85 77 99 30 150 138 122 8 64 70 128 44 12 54 25 170 141 6 95 42 133 117 75 23 92 165 110 191 136 164 193 38 20 71 120 59 60 182 53 167 76 103 57 160 130 192 17 67 115 169 143 21 188 161 4 152 61 139 46 40 162 125 18 94 176 163 189 106 28 100 147 35 32 190 58 79 45 198 102 43 33 151 183 

Inst_Index:115 	 City_Num:200 	 Concorde:21.160036 	 MCTS:21.129872 Improve:0.030163 	 Time:8.00 Seconds
Solution: 1 63 198 146 97 147 27 36 4 82 14 67 92 109 64 9 135 136 12 125 140 30 103 34 126 195 189 24 101 106 84 20 120 173 144 142 182 151 148 87 107 111 99 160 7 51 177 85 199 158 167 89 19 39 90 21 83 150 110 129 50 8 79 54 48 78 72 98 40 56 10 149 55 191 172 28 155 178 114 188 44 35 153 86 94 169 197 108 185 58 134 81 68 156 164 138 29 192 96 162 60 193 33 3 42 124 117 180 80 159 122 112 139 127 123 75 174 104 45 91 187 118 137 200 157 154 161 171 196 22 17 74 170 115 13 190 131 31 5 133 105 59 116 61 175 77 145 183 53 2 165 71 73 38 16 194 113 76 37 65 143 184 62 57 69 32 25 88 141 176 47 23 46 18 66 11 168 102 43 121 49 152 95 70 6 181 100 132 41 93 119 163 186 130 52 166 128 26 15 179 

Inst_Index:116 	 City_Num:200 	 Concorde:21.888194 	 MCTS:21.916965 Improve:-0.028772 	 Time:8.00 Seconds
Solution: 1 5 166 27 94 39 124 82 121 191 135 53 9 86 169 98 198 18 20 154 16 172 152 175 59 85 142 110 70 103 149 133 199 76 120 144 23 31 87 171 107 130 189 127 42 54 180 147 185 116 122 19 67 177 58 141 174 170 71 125 143 188 48 113 190 150 26 176 117 123 55 114 193 93 68 181 77 21 28 6 162 194 91 17 139 119 157 51 158 13 90 112 97 118 4 15 167 106 56 161 52 30 74 38 80 8 3 200 163 29 12 159 99 25 132 44 134 183 41 46 138 187 179 64 78 63 136 69 168 173 49 65 155 148 37 81 22 151 145 146 61 165 101 62 32 88 100 34 195 115 192 160 24 197 126 102 14 184 95 111 156 33 73 11 137 109 178 182 96 57 92 35 36 129 43 72 196 75 60 186 40 104 164 83 108 47 153 7 140 2 79 89 131 66 50 10 128 84 45 105 


Index_In_Batch: 28, Avg_Concorde_Distance: 21.418514 Avg_MCTS_Distance: 21.463099 Avg_Gap: 0.002086 Total_Time: 33.08 Seconds 
 Beat_Best_Known_Times: 1 Match_Best_Known_Times: 0 Miss_Best_Known_Times: 3 
