Number_of_Instances_In_Current_Batch: 4

Inst_Index:101 	 City_Num:200 	 Concorde:22.072455 	 MCTS:22.040920 Improve:0.031536 	 Time:2.00 Seconds
Solution: 1 171 188 13 196 119 61 145 113 186 68 161 159 25 140 58 6 43 121 39 24 105 93 3 4 17 84 116 7 88 15 167 95 49 75 164 14 64 59 128 86 192 56 53 118 45 180 195 71 120 178 151 135 52 70 190 109 165 137 144 138 85 31 160 29 51 48 150 187 166 117 78 69 72 28 124 8 18 26 90 194 142 32 148 92 134 189 62 97 27 198 182 82 96 184 77 73 22 173 126 2 16 99 154 155 176 199 98 108 122 106 76 147 87 89 181 107 46 91 156 103 132 110 74 112 200 19 9 111 125 42 131 163 47 185 10 41 63 141 157 197 149 67 55 94 21 83 5 65 50 115 38 136 34 37 162 30 100 123 104 158 79 35 152 130 153 101 129 169 175 81 191 33 66 174 183 146 12 114 80 60 170 177 172 168 133 102 23 193 40 143 127 20 36 57 44 11 54 139 179 

Inst_Index:102 	 City_Num:200 	 Concorde:21.779919 	 MCTS:21.747930 Improve:0.031989 	 Time:2.00 Seconds
Solution: 1 47 123 131 51 166 164 120 7 128 119 116 23 178 180 154 181 97 83 93 198 150 153 60 175 3 91 192 40 86 130 163 143 20 105 162 63 107 129 77 72 29 37 126 90 99 158 95 186 55 50 81 168 197 57 8 115 87 151 11 170 114 33 17 46 127 137 42 146 34 102 73 64 136 174 68 155 59 74 173 134 140 28 113 148 165 144 31 21 177 161 53 98 122 69 4 169 133 141 159 24 194 196 106 13 61 167 195 132 32 48 65 142 189 44 149 56 109 88 12 5 171 15 185 25 18 19 193 118 67 89 22 138 124 176 145 71 41 49 125 187 84 38 172 26 110 45 191 156 58 27 152 78 75 36 179 6 157 76 66 184 43 190 79 117 39 14 121 96 112 199 160 147 101 54 52 62 200 103 104 111 100 139 35 92 188 182 80 108 94 82 9 16 2 183 30 70 10 135 85 

Inst_Index:103 	 City_Num:200 	 Concorde:21.259594 	 MCTS:21.231673 Improve:0.027921 	 Time:2.00 Seconds
Solution: 1 56 6 20 32 78 51 127 10 49 24 31 131 14 122 184 179 25 13 65 16 84 187 68 98 47 199 193 60 118 162 107 36 97 61 70 116 149 46 59 198 112 139 109 143 40 168 2 11 71 113 99 28 130 39 158 30 141 129 26 95 44 154 151 147 197 5 75 117 170 164 88 52 22 105 82 54 111 125 37 178 173 138 90 163 132 33 96 77 42 181 137 133 140 86 115 114 190 124 182 172 67 121 156 21 23 41 57 191 192 106 18 188 171 81 104 110 128 63 62 196 189 83 102 29 148 186 74 80 157 38 93 15 123 94 79 7 43 92 48 195 72 8 200 45 73 165 3 69 146 100 34 9 185 183 153 126 159 66 176 85 89 166 161 76 160 136 4 17 53 55 144 50 152 58 12 169 180 134 174 19 27 145 119 87 103 194 155 167 142 135 35 120 150 64 108 175 91 101 177 

Inst_Index:104 	 City_Num:200 	 Concorde:20.941153 	 MCTS:20.918518 Improve:0.022636 	 Time:2.00 Seconds
Solution: 1 2 169 178 61 135 29 113 133 97 77 173 86 168 104 128 58 15 122 102 11 13 19 95 134 158 47 40 63 191 115 129 8 6 100 25 153 141 51 88 101 109 12 16 186 69 146 23 74 35 72 120 195 103 55 59 150 183 140 197 196 106 182 62 24 190 84 10 46 112 39 91 116 21 83 132 33 17 171 20 71 181 4 57 174 192 45 90 66 70 165 127 80 199 7 111 108 54 121 94 126 79 185 139 117 119 147 76 85 159 78 170 9 175 82 166 163 89 68 152 167 176 67 148 34 41 110 81 177 180 52 162 145 144 26 49 156 56 193 31 60 75 124 155 154 198 30 22 14 28 73 37 38 151 188 32 107 172 187 99 5 87 27 53 179 64 143 118 138 98 164 142 105 131 93 137 42 157 149 161 43 18 92 194 3 114 123 136 189 48 200 36 96 184 130 125 50 160 44 65 


Index_In_Batch: 25, Avg_Concorde_Distance: 21.513280 Avg_MCTS_Distance: 21.484760 Avg_Gap: -0.001323 Total_Time: 9.01 Seconds 
 Beat_Best_Known_Times: 4 Match_Best_Known_Times: 0 Miss_Best_Known_Times: 0 
