Number_of_Instances_In_Current_Batch: 4

Inst_Index:77 	 City_Num:200 	 Concorde:21.547660 	 MCTS:21.537871 Improve:0.009788 	 Time:2.00 Seconds
Solution: 1 81 146 19 143 112 164 188 155 38 157 11 109 82 198 58 84 124 184 149 14 34 7 138 159 5 183 80 199 180 50 96 166 122 103 186 197 30 85 59 27 53 141 65 97 75 161 3 91 114 132 144 185 98 42 51 135 191 165 6 105 169 173 116 32 25 151 66 190 17 28 46 2 21 52 55 99 142 60 47 128 189 43 121 133 187 88 4 10 137 23 125 108 162 172 76 139 40 153 22 117 148 54 115 177 170 83 171 192 127 72 111 163 176 107 126 195 20 175 57 8 48 94 193 67 152 104 74 45 167 101 119 29 93 200 130 118 129 86 168 147 174 39 179 196 69 18 61 87 41 37 90 113 73 26 49 123 156 31 134 131 71 89 92 178 181 35 56 154 160 70 140 36 100 79 120 150 95 158 24 194 13 15 16 136 33 12 77 64 78 102 145 110 62 63 44 68 9 106 182 

Inst_Index:78 	 City_Num:200 	 Concorde:22.703783 	 MCTS:22.689647 Improve:0.014136 	 Time:2.00 Seconds
Solution: 1 119 184 88 72 160 93 133 175 71 35 95 150 124 196 90 126 11 69 36 98 30 10 185 44 29 117 97 24 65 197 131 157 22 153 39 182 136 16 46 186 48 105 140 56 118 5 104 155 78 198 109 8 54 174 41 100 96 168 178 6 59 134 130 81 63 183 52 154 121 151 18 171 167 3 120 83 73 26 51 170 123 164 92 61 112 188 80 15 111 191 76 60 37 68 128 149 176 139 195 169 179 82 86 143 148 172 33 94 4 64 152 14 142 180 34 32 166 85 17 13 55 125 45 9 103 173 38 113 199 70 122 43 99 101 129 25 114 47 144 200 23 75 19 49 77 116 20 192 91 177 135 42 181 108 163 138 57 132 89 127 27 2 84 53 146 7 115 159 79 87 194 141 31 21 145 62 66 102 165 187 107 158 162 74 193 28 106 147 189 137 110 67 12 40 50 156 161 58 190 

Inst_Index:79 	 City_Num:200 	 Concorde:21.076393 	 MCTS:21.063998 Improve:0.012395 	 Time:2.00 Seconds
Solution: 1 167 50 165 9 99 43 12 175 146 148 66 155 82 161 40 171 24 52 176 153 54 29 10 106 5 138 157 51 110 60 69 92 120 185 193 140 198 112 17 149 123 143 35 160 93 113 2 194 91 86 80 132 81 183 133 147 67 42 122 188 137 163 19 129 41 44 178 79 103 197 166 30 36 118 105 6 111 168 164 121 134 117 75 4 192 102 135 38 77 200 11 108 96 126 88 114 179 46 173 130 124 27 56 136 119 73 101 32 169 71 145 186 141 85 3 13 187 16 144 115 68 151 57 128 63 142 116 104 48 62 83 65 90 22 127 64 72 14 190 37 131 181 55 78 7 125 89 74 180 182 109 61 170 98 45 174 162 33 159 107 23 28 158 53 139 20 84 199 184 189 172 87 58 97 150 95 156 94 39 34 8 154 31 100 15 47 196 70 21 59 18 152 49 25 76 177 191 26 195 

Inst_Index:80 	 City_Num:200 	 Concorde:22.034208 	 MCTS:22.001391 Improve:0.032816 	 Time:2.00 Seconds
Solution: 1 173 196 194 142 151 63 154 9 105 183 88 171 19 47 73 15 72 197 8 168 165 40 76 172 178 166 85 145 192 109 43 124 189 99 176 130 115 23 187 90 113 96 69 18 193 170 86 98 149 184 4 136 48 62 37 77 104 41 140 102 71 131 2 78 181 163 28 174 156 89 137 66 46 34 177 94 31 162 52 68 157 64 75 153 91 39 100 186 148 129 175 188 25 26 191 32 143 61 111 117 119 120 65 106 35 150 200 164 29 169 107 108 126 81 57 53 103 135 74 139 7 5 118 42 144 93 80 133 67 51 101 10 70 27 17 79 12 134 112 22 138 159 33 14 11 127 95 84 59 158 44 123 182 146 167 97 185 141 132 110 152 160 198 50 161 55 128 190 36 58 147 122 38 199 24 20 121 3 13 16 195 83 21 6 155 56 92 49 82 179 116 87 45 60 30 114 125 54 180 


Index_In_Batch: 19, Avg_Concorde_Distance: 21.840511 Avg_MCTS_Distance: 21.823227 Avg_Gap: -0.000789 Total_Time: 8.93 Seconds 
 Beat_Best_Known_Times: 4 Match_Best_Known_Times: 0 Miss_Best_Known_Times: 0 
