Number_of_Instances_In_Current_Batch: 4

Inst_Index:57 	 City_Num:200 	 Concorde:21.387927 	 MCTS:21.350761 Improve:0.037166 	 Time:8.01 Seconds
Solution: 1 13 172 129 162 190 17 158 18 41 57 33 140 7 32 139 38 81 46 111 147 126 137 135 82 180 154 89 121 113 170 105 192 164 161 98 174 43 175 78 88 189 123 99 3 138 50 72 100 59 152 102 5 86 30 95 142 61 132 96 194 62 75 12 176 127 64 130 6 108 195 79 24 28 31 103 117 55 14 136 9 198 16 91 11 153 151 34 119 167 97 124 165 90 145 84 163 181 26 93 92 36 112 183 73 106 53 68 141 65 56 29 166 94 156 116 80 23 178 74 115 191 70 45 67 20 120 179 144 21 69 150 157 122 109 173 101 186 188 155 60 22 25 107 83 19 35 48 104 187 134 40 87 171 184 200 182 114 193 71 110 8 196 168 4 49 169 66 185 54 2 15 125 63 128 77 159 146 39 85 58 42 47 76 177 131 199 197 44 143 52 149 51 160 27 37 118 10 148 133 

Inst_Index:58 	 City_Num:200 	 Concorde:21.324310 	 MCTS:21.312454 Improve:0.011856 	 Time:8.00 Seconds
Solution: 1 41 18 106 88 195 116 12 28 47 146 71 200 22 123 44 112 23 184 69 80 192 107 91 143 93 199 196 153 174 148 193 2 177 125 98 126 90 128 115 101 132 81 76 118 62 82 181 186 161 172 66 169 183 187 156 138 150 29 102 127 155 110 185 14 95 42 124 194 105 19 60 53 45 180 121 57 137 50 78 130 103 175 167 9 31 3 111 86 15 52 142 27 64 144 72 21 49 99 189 198 43 152 24 117 38 68 149 113 77 158 162 120 11 58 73 114 63 134 87 140 165 51 4 39 79 190 136 89 16 168 34 61 164 139 26 67 151 84 157 40 122 160 75 154 119 100 10 30 97 166 20 109 35 5 188 133 25 94 145 92 178 179 32 159 171 36 173 54 163 8 176 147 131 7 141 197 17 13 37 56 46 33 191 96 85 74 59 108 6 70 55 83 65 182 135 170 129 104 48 

Inst_Index:59 	 City_Num:200 	 Concorde:20.797519 	 MCTS:20.912434 Improve:-0.114915 	 Time:8.00 Seconds
Solution: 1 55 186 145 12 150 152 109 172 143 32 81 131 153 75 17 127 161 157 24 139 168 179 191 7 88 159 9 198 42 96 132 136 48 190 112 91 130 146 94 93 83 160 110 104 171 199 5 22 71 35 52 30 86 138 169 90 39 66 178 97 118 115 56 26 200 51 31 2 13 34 72 177 70 182 197 10 58 84 106 134 111 189 92 59 50 73 151 23 141 14 133 63 137 69 116 184 173 79 123 74 196 62 8 38 154 33 166 65 170 89 76 124 82 45 158 40 6 47 180 57 107 162 187 67 149 18 21 165 105 121 176 46 77 117 174 126 194 64 167 122 61 87 185 195 3 103 148 43 175 142 29 27 108 100 16 164 144 113 85 60 119 54 135 19 101 129 128 37 20 163 98 102 68 49 192 36 183 181 28 95 125 44 188 25 53 120 156 78 11 193 4 147 80 155 140 15 114 41 99 

Inst_Index:60 	 City_Num:200 	 Concorde:21.147870 	 MCTS:21.169269 Improve:-0.021399 	 Time:8.00 Seconds
Solution: 1 90 2 156 69 183 60 137 108 117 172 34 154 73 136 101 80 150 26 184 36 21 56 22 87 85 186 74 55 114 140 68 194 161 96 58 81 198 76 196 54 38 122 138 151 166 155 37 162 50 182 44 191 132 135 179 200 94 35 84 16 197 163 115 123 32 8 106 33 14 98 104 88 147 63 125 95 160 145 112 164 133 57 53 178 40 89 143 121 91 86 62 119 181 113 195 77 39 83 99 5 118 61 7 157 127 59 10 175 148 25 190 180 189 4 18 67 188 24 110 141 144 71 82 126 173 45 97 105 128 51 75 66 72 170 120 168 48 171 103 49 70 92 107 158 17 146 19 139 52 130 177 78 149 41 23 142 199 124 174 131 65 9 28 167 165 109 169 46 6 20 79 187 116 30 93 159 134 3 27 43 192 185 13 42 102 29 176 11 100 47 15 12 64 111 193 31 129 153 152 


Index_In_Batch: 14, Avg_Concorde_Distance: 21.164407 Avg_MCTS_Distance: 21.186230 Avg_Gap: 0.001061 Total_Time: 33.09 Seconds 
 Beat_Best_Known_Times: 2 Match_Best_Known_Times: 0 Miss_Best_Known_Times: 2 
