Number_of_Instances_In_Current_Batch: 4

Inst_Index:45 	 City_Num:200 	 Concorde:21.393097 	 MCTS:21.357732 Improve:0.035364 	 Time:2.00 Seconds
Solution: 1 84 159 20 185 43 150 177 64 121 111 30 9 156 44 127 45 137 79 106 115 198 178 66 34 155 169 59 52 32 41 94 162 200 73 118 26 49 130 76 16 35 57 131 8 50 21 81 147 196 117 161 163 47 164 33 103 90 128 14 97 179 37 23 75 148 171 80 17 19 93 60 6 192 145 25 129 183 2 11 157 5 10 89 92 104 3 158 170 151 91 181 112 123 55 105 190 70 154 136 22 13 18 15 189 24 28 172 95 68 101 72 54 108 132 53 116 168 153 165 27 135 184 29 36 82 110 100 187 139 119 180 174 175 65 109 134 99 188 152 141 85 78 63 46 142 107 67 173 199 42 77 4 51 88 138 58 133 96 167 126 61 39 86 120 48 31 83 87 12 98 114 146 160 40 74 166 71 176 69 143 113 7 182 195 140 149 193 38 102 144 62 122 197 124 186 56 191 125 194 

Inst_Index:46 	 City_Num:200 	 Concorde:21.356177 	 MCTS:21.346459 Improve:0.009718 	 Time:2.01 Seconds
Solution: 1 68 113 83 137 59 159 146 51 188 145 141 75 82 176 101 179 135 144 89 57 9 157 140 5 28 189 169 132 148 190 58 121 78 6 119 56 195 177 109 8 33 74 63 120 186 54 96 175 185 86 198 26 22 111 127 130 154 27 55 29 60 35 116 42 156 44 37 193 18 104 73 19 153 170 112 93 100 181 23 84 64 47 123 171 105 194 139 172 81 166 114 143 77 45 17 30 124 10 158 180 13 110 98 62 91 115 152 11 50 39 126 163 122 61 138 36 32 147 149 49 173 174 48 164 199 162 52 196 136 192 66 129 182 69 178 7 131 97 12 183 90 125 92 200 161 15 43 150 108 25 103 46 106 67 94 102 187 85 53 80 31 118 72 71 4 167 95 151 168 133 65 14 99 197 160 155 38 24 21 191 88 79 117 128 87 134 41 107 165 40 142 34 76 70 20 3 2 16 184 

Inst_Index:47 	 City_Num:200 	 Concorde:21.654261 	 MCTS:21.647267 Improve:0.006994 	 Time:2.00 Seconds
Solution: 1 92 71 6 174 11 42 15 90 56 195 115 91 108 51 148 198 197 149 182 118 74 75 38 50 82 107 27 165 151 139 175 66 100 3 105 104 30 144 48 7 16 146 147 169 45 176 194 24 95 119 145 63 116 143 189 29 162 14 28 65 43 180 98 79 124 78 179 5 89 160 22 199 133 57 80 190 53 4 102 192 40 168 127 154 77 121 99 186 9 128 134 103 76 49 46 25 72 135 37 68 131 111 41 23 172 39 112 184 81 173 10 32 113 2 18 181 55 54 13 117 93 141 156 130 35 26 59 185 126 138 132 67 20 83 84 58 200 142 8 125 33 17 52 69 88 129 157 188 34 62 73 183 12 31 101 109 164 120 47 163 97 137 196 191 158 166 136 155 150 170 110 122 70 123 153 94 159 64 187 161 60 177 167 61 140 106 178 36 19 86 193 87 114 44 21 85 96 152 171 

Inst_Index:48 	 City_Num:200 	 Concorde:21.288361 	 MCTS:21.270761 Improve:0.017600 	 Time:2.00 Seconds
Solution: 1 45 172 104 46 144 130 123 2 124 103 106 8 121 118 134 133 18 88 157 20 84 32 65 179 101 112 70 12 7 152 52 125 176 192 29 66 196 13 177 182 26 151 131 37 194 168 44 116 135 161 15 68 187 153 154 146 120 94 33 43 86 108 64 128 186 197 184 47 180 167 76 49 79 63 191 48 156 147 97 40 122 98 54 50 42 181 166 91 155 36 170 173 10 4 185 114 3 5 90 189 41 199 82 57 137 14 162 132 62 158 115 73 138 39 85 149 21 83 16 169 59 17 92 74 11 9 164 77 174 22 190 25 35 56 96 24 72 78 60 117 69 107 61 30 95 198 38 200 119 102 145 163 111 188 129 160 100 109 183 34 142 171 139 178 195 136 140 127 93 28 67 110 141 175 113 99 126 58 6 89 27 31 55 19 159 81 53 150 105 148 23 193 80 71 143 75 51 87 165 


Index_In_Batch: 11, Avg_Concorde_Distance: 21.422974 Avg_MCTS_Distance: 21.405555 Avg_Gap: -0.000814 Total_Time: 9.01 Seconds 
 Beat_Best_Known_Times: 4 Match_Best_Known_Times: 0 Miss_Best_Known_Times: 0 
