Number_of_Instances_In_Current_Batch: 4

Inst_Index:109 	 City_Num:200 	 Concorde:20.991716 	 MCTS:20.989814 Improve:0.001902 	 Time:8.00 Seconds
Solution: 1 102 27 123 49 186 2 56 151 4 66 140 75 53 36 16 115 160 187 190 135 145 158 126 68 163 174 121 93 107 60 198 95 17 127 133 63 161 152 113 47 58 92 194 191 169 72 136 103 42 137 122 104 20 39 178 67 59 138 175 171 172 29 129 46 180 111 26 48 98 144 94 99 173 91 157 97 143 170 114 197 14 181 25 61 132 128 96 110 33 41 156 130 195 50 150 179 88 35 8 192 118 162 149 21 159 116 23 119 65 199 166 9 77 32 154 189 52 19 76 38 7 147 148 193 43 105 40 3 141 87 90 155 165 37 13 10 139 131 134 85 86 62 182 196 89 34 73 69 101 15 120 124 200 125 44 84 54 79 18 6 11 70 83 108 45 100 28 184 71 31 146 55 57 80 12 82 109 185 24 164 106 74 176 142 153 5 51 112 168 177 64 30 167 117 78 22 188 81 183 

Inst_Index:110 	 City_Num:200 	 Concorde:22.225161 	 MCTS:22.216770 Improve:0.008391 	 Time:8.00 Seconds
Solution: 1 145 56 132 129 109 42 166 151 85 53 194 155 102 61 10 120 47 169 184 186 24 81 94 138 14 62 97 71 50 22 19 25 158 9 167 13 199 6 165 95 26 100 189 152 196 146 44 15 68 141 96 185 54 5 147 58 37 38 193 4 136 57 90 104 142 187 182 2 36 168 28 131 12 29 30 134 72 149 164 176 127 117 39 49 107 101 200 143 77 126 91 137 139 159 3 40 46 84 192 157 112 88 92 153 170 65 27 78 148 79 156 7 179 11 178 105 8 21 177 195 18 20 41 150 64 123 59 98 23 124 86 173 116 75 108 154 73 17 74 93 118 43 122 55 197 180 89 171 111 162 103 76 51 82 114 130 106 181 140 32 52 67 60 190 63 113 16 45 183 174 128 125 33 66 161 34 160 48 133 69 70 83 135 119 198 31 110 99 163 144 172 35 80 191 87 121 188 115 175 

Inst_Index:111 	 City_Num:200 	 Concorde:21.160793 	 MCTS:21.222151 Improve:-0.061358 	 Time:8.00 Seconds
Solution: 1 54 67 74 65 39 64 91 161 53 17 89 77 50 62 148 111 27 136 6 146 88 52 178 152 170 33 199 86 141 191 35 143 163 2 97 133 29 117 121 8 75 116 183 23 59 184 61 46 37 68 140 3 104 66 25 144 109 102 149 137 162 113 130 22 90 110 175 160 177 131 83 188 26 159 58 169 28 63 176 147 24 5 179 44 173 43 19 51 187 174 55 99 167 78 69 156 115 142 20 195 181 200 134 100 151 128 180 11 108 31 4 15 112 194 119 41 189 34 87 129 186 93 182 94 96 197 92 14 32 12 126 132 185 47 40 150 82 166 192 193 57 7 36 56 71 158 127 190 114 153 124 45 106 80 118 81 157 168 42 72 16 122 101 38 18 171 84 164 107 30 79 172 10 9 105 135 154 138 85 70 120 98 125 60 103 198 21 13 123 155 76 145 73 165 196 139 49 48 95 

Inst_Index:112 	 City_Num:200 	 Concorde:21.041607 	 MCTS:21.097271 Improve:-0.055664 	 Time:8.01 Seconds
Solution: 1 147 151 29 154 87 26 122 176 3 160 20 179 70 90 118 6 167 85 155 4 78 152 16 103 127 54 42 39 145 119 178 156 199 63 134 24 171 142 141 61 159 72 91 187 128 9 46 37 82 23 8 143 174 17 163 150 131 32 161 35 146 121 22 79 76 164 11 53 197 41 67 18 136 84 173 115 14 188 137 104 36 71 51 106 168 175 200 162 183 56 193 99 50 52 80 117 114 129 177 2 191 98 62 77 195 59 34 5 126 93 12 105 89 138 94 45 148 74 65 172 43 13 27 88 169 83 192 68 100 184 181 57 111 116 166 101 73 185 28 153 112 190 139 108 107 38 95 69 149 113 132 140 135 194 30 180 170 60 40 55 165 47 124 130 81 158 182 96 123 21 25 133 58 75 49 157 7 198 48 33 120 125 86 19 64 110 109 31 97 44 186 15 10 92 144 196 102 66 189 


Index_In_Batch: 27, Avg_Concorde_Distance: 21.354819 Avg_MCTS_Distance: 21.381501 Avg_Gap: 0.001269 Total_Time: 33.10 Seconds 
 Beat_Best_Known_Times: 2 Match_Best_Known_Times: 0 Miss_Best_Known_Times: 2 
