Number_of_Instances_In_Current_Batch: 4

Inst_Index:33 	 City_Num:200 	 Concorde:21.659218 	 MCTS:21.609953 Improve:0.049265 	 Time:8.00 Seconds
Solution: 1 87 137 105 59 116 117 192 51 128 148 81 196 169 106 199 50 147 167 109 145 155 73 194 100 3 146 144 157 149 123 153 182 97 68 18 75 35 139 90 47 161 85 154 174 11 172 72 102 121 193 165 42 29 7 53 34 70 93 86 177 48 176 25 63 125 188 183 163 110 136 84 56 26 113 21 103 36 187 27 12 200 82 142 122 69 124 112 80 40 91 127 28 135 160 62 179 162 38 198 164 31 180 14 15 61 104 45 141 32 77 44 88 92 67 6 23 170 10 39 108 138 60 2 76 171 64 134 186 37 41 173 107 71 99 43 49 19 131 46 120 143 140 74 83 55 13 66 96 24 30 58 98 33 156 130 119 150 118 8 126 185 94 57 4 152 95 79 111 89 197 54 166 132 159 158 5 190 168 191 184 16 52 175 9 189 114 22 181 65 151 115 101 133 20 178 78 17 129 195 

Inst_Index:34 	 City_Num:200 	 Concorde:21.662388 	 MCTS:21.620644 Improve:0.041744 	 Time:8.00 Seconds
Solution: 1 53 131 87 164 142 120 200 129 10 90 99 112 133 166 180 88 28 20 127 44 107 159 192 67 77 111 171 156 15 114 173 78 25 184 36 4 79 117 154 13 187 83 183 169 143 26 137 158 179 71 52 41 125 35 177 116 89 168 22 12 151 188 14 161 6 157 55 49 170 70 153 31 97 66 100 64 19 65 189 144 104 75 93 167 39 181 138 147 108 74 30 80 62 101 82 155 2 76 128 69 110 63 84 56 191 141 21 160 198 199 145 163 58 47 135 23 18 118 122 37 186 162 148 121 175 106 134 85 178 61 119 150 94 139 124 126 42 197 8 196 185 95 34 5 57 96 48 9 16 103 149 195 29 33 27 73 172 190 146 40 109 152 115 51 182 60 132 43 105 54 59 165 86 17 194 98 123 50 81 46 7 91 113 136 3 102 38 11 174 24 130 140 92 45 68 176 72 32 193 

Inst_Index:35 	 City_Num:200 	 Concorde:20.914359 	 MCTS:20.897085 Improve:0.017274 	 Time:8.00 Seconds
Solution: 1 113 116 109 87 38 155 74 192 73 114 83 187 182 35 40 157 25 12 177 198 7 96 10 101 168 23 151 36 102 31 28 44 195 106 69 88 128 196 52 199 30 67 105 193 124 99 48 152 127 141 55 147 154 14 169 60 166 86 173 130 77 194 29 191 37 183 13 111 103 24 178 42 144 148 137 51 58 78 126 129 146 5 43 41 33 72 97 49 197 135 61 153 181 125 3 110 107 142 50 19 108 64 82 200 122 68 190 188 161 91 89 9 6 133 18 158 143 145 185 2 65 149 59 98 8 21 56 90 156 79 20 62 85 47 95 84 123 160 131 46 138 93 81 45 119 140 162 70 32 186 184 139 100 171 76 27 112 164 39 75 167 165 34 132 54 57 115 17 4 16 136 117 63 15 11 92 159 120 134 121 66 163 172 53 189 26 71 175 150 170 118 94 174 176 104 180 22 80 179 

Inst_Index:36 	 City_Num:200 	 Concorde:22.062743 	 MCTS:22.135516 Improve:-0.072774 	 Time:8.00 Seconds
Solution: 1 43 183 41 190 107 120 97 9 110 147 192 29 118 44 199 38 169 35 176 33 45 34 135 200 140 70 175 25 129 179 130 193 154 163 131 186 79 31 10 109 144 152 69 61 81 117 115 89 142 13 102 194 153 28 30 150 161 132 95 24 174 112 27 94 36 85 171 16 113 18 145 106 4 127 23 114 180 160 82 60 184 20 19 148 51 196 164 96 59 12 77 136 98 172 58 108 91 11 165 3 47 6 17 93 90 168 86 151 116 133 42 72 46 55 68 83 80 125 121 173 103 67 105 57 22 88 178 37 101 92 128 5 146 32 74 39 26 54 138 197 195 143 49 65 2 15 64 134 167 119 8 157 141 124 181 84 75 62 158 40 87 187 21 149 159 50 73 156 123 166 99 71 53 189 198 14 7 66 63 162 170 52 111 126 188 139 182 191 155 76 185 48 122 56 100 177 137 78 104 


Index_In_Batch: 8, Avg_Concorde_Distance: 21.574677 Avg_MCTS_Distance: 21.565800 Avg_Gap: -0.000432 Total_Time: 33.05 Seconds 
 Beat_Best_Known_Times: 3 Match_Best_Known_Times: 0 Miss_Best_Known_Times: 1 
