Number_of_Instances_In_Current_Batch: 4

Inst_Index:97 	 City_Num:200 	 Concorde:21.250349 	 MCTS:21.203328 Improve:0.047021 	 Time:2.00 Seconds
Solution: 1 130 195 100 3 127 68 123 4 7 148 43 6 78 19 135 144 180 12 27 165 26 42 89 160 5 193 92 133 119 194 37 188 50 86 80 182 181 54 196 58 11 25 154 103 44 2 114 69 21 187 197 49 36 97 176 17 152 147 140 66 31 75 102 99 157 191 164 108 15 105 137 88 150 106 46 67 192 146 104 136 161 13 70 110 30 32 59 91 85 34 177 113 96 190 169 8 39 153 184 76 35 185 171 117 172 134 175 109 71 131 51 93 126 41 186 47 107 56 84 72 129 179 83 20 120 45 122 60 167 81 24 168 48 189 53 23 33 118 145 166 132 57 14 183 159 198 74 158 138 82 101 62 87 173 29 162 200 9 16 156 65 61 170 55 77 149 111 28 63 52 125 163 128 94 112 73 142 199 79 38 121 115 116 40 64 90 151 10 18 98 22 95 178 124 141 174 139 155 143 

Inst_Index:98 	 City_Num:200 	 Concorde:21.433900 	 MCTS:21.433900 Improve:0.000000 	 Time:2.00 Seconds
Solution: 1 111 81 58 57 185 9 123 49 69 149 87 89 113 52 76 94 130 37 24 42 142 64 41 95 44 26 147 14 83 3 68 33 189 200 72 145 176 143 88 108 181 35 104 112 62 165 25 186 162 70 167 161 110 93 166 82 107 48 188 38 196 163 125 154 131 187 30 22 116 86 16 54 182 10 174 102 126 36 15 179 157 194 61 172 100 92 119 55 91 184 148 43 141 159 80 65 71 63 11 155 32 31 19 20 158 77 191 134 124 170 198 175 114 140 199 156 60 98 105 73 135 17 56 2 122 129 171 90 195 144 45 74 117 121 150 103 59 152 13 28 101 160 118 79 50 47 192 84 132 18 146 190 183 197 109 53 136 4 99 193 6 128 153 151 75 106 180 12 164 40 127 29 139 67 51 27 168 138 177 46 5 21 115 97 120 8 173 23 7 137 34 133 66 169 39 85 78 96 178 

Inst_Index:99 	 City_Num:200 	 Concorde:21.623921 	 MCTS:26.445283 Improve:-4.821363 	 Time:2.00 Seconds
Solution: 1 81 5 173 162 158 116 73 106 156 110 120 99 63 12 40 142 100 172 65 91 147 66 123 74 2 143 109 48 96 103 101 137 135 140 184 68 98 167 24 86 144 50 87 131 117 8 38 152 57 160 93 52 133 67 129 41 191 183 97 126 171 19 89 30 153 36 177 155 151 122 54 188 35 79 157 134 4 105 145 34 196 26 78 115 186 56 22 92 90 69 185 165 3 125 150 61 179 95 28 128 31 187 51 136 53 111 114 55 181 45 94 62 70 23 58 59 127 149 182 46 107 20 112 76 80 102 118 16 29 49 44 10 192 72 75 14 175 37 113 84 15 47 7 130 199 25 43 146 176 159 197 104 82 88 161 194 163 9 27 39 178 193 170 18 17 180 132 198 83 64 108 195 174 138 119 85 33 21 124 60 71 164 190 121 77 200 148 154 189 166 139 13 11 141 168 42 6 169 32 

Inst_Index:100 	 City_Num:200 	 Concorde:21.846391 	 MCTS:21.832864 Improve:0.013527 	 Time:2.00 Seconds
Solution: 1 80 71 141 37 153 110 92 2 159 4 86 13 177 62 11 145 156 115 197 59 119 165 194 66 81 123 12 15 8 35 171 154 150 101 200 160 124 100 52 167 98 18 113 64 181 53 19 191 89 61 164 76 106 36 30 193 125 82 114 44 77 158 3 109 88 187 162 47 192 33 84 189 108 146 190 39 140 176 122 48 51 103 50 183 54 137 93 41 24 79 63 68 128 40 97 168 155 157 16 57 170 121 65 163 142 32 60 96 70 29 95 188 143 23 94 26 132 43 179 102 107 69 133 78 31 196 149 195 116 34 136 130 166 20 74 58 127 28 178 173 199 17 6 131 126 104 10 87 72 56 184 99 120 21 73 118 67 38 180 134 152 111 55 112 161 42 135 25 7 186 105 5 91 174 144 14 46 27 22 147 138 49 169 151 129 83 117 175 90 139 198 9 172 45 75 85 182 148 185 


Index_In_Batch: 24, Avg_Concorde_Distance: 21.538640 Avg_MCTS_Distance: 22.728844 Avg_Gap: 0.055033 Total_Time: 9.01 Seconds 
 Beat_Best_Known_Times: 2 Match_Best_Known_Times: 1 Miss_Best_Known_Times: 1 
