Number_of_Instances_In_Current_Batch: 4

Inst_Index:93 	 City_Num:200 	 Concorde:21.259140 	 MCTS:21.227499 Improve:0.031641 	 Time:2.00 Seconds
Solution: 1 33 170 78 161 123 47 27 193 194 185 72 57 138 48 167 45 156 95 75 115 100 43 189 165 135 146 64 70 132 24 200 198 196 108 28 34 20 25 162 179 160 111 142 171 68 83 101 87 88 85 164 81 110 140 91 21 82 4 105 173 131 139 190 118 54 11 176 150 60 183 8 74 166 14 112 29 19 40 71 116 174 17 92 12 114 147 62 178 89 69 159 106 86 175 77 197 7 158 49 119 38 39 55 102 36 46 96 172 51 58 32 182 199 80 192 145 16 104 61 144 59 65 42 152 153 107 151 169 186 133 66 73 137 113 41 93 157 195 143 79 76 56 13 98 97 37 22 134 26 99 44 181 187 191 9 177 121 130 31 149 155 154 53 163 122 5 15 141 52 18 109 180 168 50 35 94 6 128 127 103 2 188 117 3 125 23 120 63 67 184 90 136 129 124 30 10 84 126 148 

Inst_Index:94 	 City_Num:200 	 Concorde:21.668141 	 MCTS:21.652721 Improve:0.015420 	 Time:2.00 Seconds
Solution: 1 17 110 192 73 59 147 71 140 56 182 154 121 58 175 176 97 114 124 51 138 189 19 171 198 85 81 162 157 46 60 107 196 139 34 87 115 35 11 41 55 135 119 77 83 7 193 195 179 31 78 99 117 160 44 197 29 185 23 164 20 183 45 5 116 166 2 148 153 9 178 159 186 3 145 100 28 118 120 65 49 143 80 105 113 24 184 150 106 89 95 25 102 48 127 21 174 172 13 151 137 64 82 43 74 47 92 22 93 122 68 187 181 38 163 33 141 69 136 169 123 161 79 98 26 75 149 191 101 133 42 4 76 128 129 8 180 32 37 57 103 15 144 170 158 167 177 30 12 173 72 86 108 63 104 27 112 6 67 96 91 88 111 146 18 199 165 155 62 90 152 50 70 194 130 109 188 16 142 66 40 39 156 14 36 10 132 54 190 168 200 84 134 126 61 125 52 53 94 131 

Inst_Index:95 	 City_Num:200 	 Concorde:22.334263 	 MCTS:22.296691 Improve:0.037572 	 Time:2.00 Seconds
Solution: 1 32 131 64 96 100 194 67 152 182 41 80 79 55 45 40 180 197 143 9 124 48 137 7 71 63 174 139 166 98 50 185 188 154 148 103 171 77 107 150 126 135 123 184 110 27 127 43 111 115 26 4 99 49 161 46 5 169 90 29 118 125 196 53 84 193 173 74 117 94 57 37 36 75 3 19 159 130 168 178 44 56 51 89 85 147 144 18 128 34 191 30 35 200 153 158 20 95 195 114 14 2 68 69 106 170 52 102 164 42 140 146 72 12 190 33 87 132 16 172 70 81 23 120 65 62 157 112 187 176 179 25 31 198 145 47 141 105 66 155 189 6 175 199 101 160 134 97 93 17 186 60 163 13 61 73 177 165 82 76 109 78 86 142 119 156 11 24 91 183 104 133 22 21 28 116 113 129 8 122 136 15 88 149 138 38 181 108 39 162 54 192 121 92 10 59 151 83 167 58 

Inst_Index:96 	 City_Num:200 	 Concorde:21.501020 	 MCTS:21.501020 Improve:-0.000000 	 Time:2.00 Seconds
Solution: 1 3 132 110 31 48 93 112 189 116 130 183 21 106 114 162 62 46 166 63 127 145 85 58 86 69 136 35 25 126 161 73 98 4 32 142 41 155 197 167 19 56 144 141 148 65 190 108 72 80 45 70 193 79 14 61 131 42 53 180 88 185 139 50 52 60 7 125 175 90 83 23 55 182 37 160 153 117 20 200 59 181 99 76 173 187 24 150 39 78 16 9 2 8 6 101 13 27 122 17 22 95 178 158 143 171 28 169 170 118 134 11 44 92 75 120 10 84 94 172 43 91 176 74 67 68 154 100 156 138 77 96 174 133 113 57 82 51 164 81 34 89 128 135 186 163 151 103 115 36 123 102 184 168 124 40 121 33 71 140 157 111 5 137 119 188 38 12 191 26 54 196 146 152 109 195 179 198 165 47 149 97 199 30 159 105 107 18 29 49 66 129 15 87 64 194 104 147 192 177 


Index_In_Batch: 23, Avg_Concorde_Distance: 21.690641 Avg_MCTS_Distance: 21.669483 Avg_Gap: -0.000971 Total_Time: 9.02 Seconds 
 Beat_Best_Known_Times: 3 Match_Best_Known_Times: 1 Miss_Best_Known_Times: 0 
