Number_of_Instances_In_Current_Batch: 4

Inst_Index:13 	 City_Num:200 	 Concorde:20.688682 	 MCTS:20.755626 Improve:-0.066944 	 Time:8.00 Seconds
Solution: 1 169 199 152 122 142 114 96 11 37 180 181 8 4 151 9 86 130 109 129 44 23 162 191 49 196 140 189 121 3 30 100 106 148 128 66 78 32 52 132 108 104 97 6 183 31 89 99 15 19 88 170 21 64 195 13 67 84 164 119 172 2 166 137 134 28 179 147 113 198 16 157 115 123 156 185 110 55 159 10 90 33 154 93 92 190 144 184 35 124 38 71 75 149 95 192 81 187 85 68 54 165 25 146 5 135 24 139 40 53 111 186 163 138 174 143 200 120 91 175 27 82 14 58 47 73 43 61 168 161 46 178 60 107 98 65 133 76 173 57 197 155 22 79 41 62 160 63 112 59 17 56 117 50 194 26 118 69 29 39 102 176 34 136 7 70 105 36 72 188 141 80 171 131 48 167 12 158 94 18 74 125 51 42 182 87 101 116 45 150 77 127 177 153 145 103 20 126 83 193 

Inst_Index:14 	 City_Num:200 	 Concorde:21.587925 	 MCTS:21.724343 Improve:-0.136418 	 Time:8.00 Seconds
Solution: 1 10 33 100 180 151 133 17 195 105 27 87 102 177 81 76 165 168 182 123 41 118 3 66 14 71 166 53 4 43 44 26 103 137 190 31 54 192 96 48 112 111 62 24 90 113 50 70 159 93 181 132 130 125 6 106 36 152 178 46 127 12 68 171 7 20 77 34 42 47 21 157 129 185 170 82 16 79 149 89 110 193 128 18 148 188 138 186 121 19 23 13 114 40 140 9 174 73 126 158 187 141 135 29 74 198 101 85 80 91 142 120 146 22 49 37 86 154 179 84 162 194 104 197 67 109 99 160 57 200 191 150 199 119 75 169 15 117 64 78 94 95 153 164 38 163 88 122 161 72 5 184 55 83 167 58 143 183 155 98 115 35 175 69 172 116 144 97 60 134 92 136 8 124 147 25 189 30 145 61 51 45 32 28 39 107 156 63 59 176 108 173 131 196 52 56 2 65 139 11 

Inst_Index:15 	 City_Num:200 	 Concorde:21.752848 	 MCTS:21.787130 Improve:-0.034281 	 Time:8.00 Seconds
Solution: 1 100 172 160 150 163 15 105 129 106 136 5 63 83 91 28 190 18 154 57 188 64 39 145 181 162 36 118 157 62 43 81 97 195 19 198 65 174 144 9 159 45 4 177 123 107 23 96 167 147 34 168 191 152 37 68 25 78 44 134 164 2 130 128 99 11 183 137 46 185 166 82 143 50 16 126 175 141 94 6 133 142 176 102 171 26 111 71 22 21 186 54 125 116 149 182 193 132 60 192 197 189 158 79 170 80 40 14 184 58 131 72 13 33 51 12 31 199 32 109 7 180 113 76 179 55 88 119 98 95 77 49 178 66 161 155 117 121 86 56 122 127 17 48 70 47 200 3 38 115 35 87 146 124 103 196 30 42 194 61 139 69 138 173 101 85 112 20 89 151 187 59 67 73 165 90 84 74 27 156 153 52 110 29 41 169 104 8 92 148 10 93 135 53 24 114 75 140 120 108 

Inst_Index:16 	 City_Num:200 	 Concorde:21.531921 	 MCTS:21.593065 Improve:-0.061144 	 Time:8.00 Seconds
Solution: 1 57 91 87 121 10 137 193 119 97 138 168 31 173 109 22 4 39 153 26 44 80 143 74 172 88 124 165 152 53 40 177 198 99 66 186 9 71 158 149 96 133 159 104 192 110 115 196 25 27 18 38 166 42 84 147 127 150 13 141 11 170 86 178 145 120 41 46 81 132 51 37 49 6 154 140 55 184 144 107 32 94 58 199 111 148 179 176 167 78 156 14 50 68 65 129 95 8 164 90 183 73 125 85 118 59 28 189 151 64 45 112 54 114 29 135 98 174 76 146 195 169 182 19 190 36 157 34 180 60 17 139 128 35 69 161 105 162 155 3 197 106 117 185 116 122 67 23 102 56 100 30 113 194 130 191 108 171 93 15 134 92 33 181 12 61 160 24 47 83 75 175 16 72 79 43 142 52 89 131 5 7 101 200 136 63 188 21 126 77 2 62 82 103 187 48 163 123 20 70 


Index_In_Batch: 3, Avg_Concorde_Distance: 21.390344 Avg_MCTS_Distance: 21.465041 Avg_Gap: 0.003493 Total_Time: 33.08 Seconds 
 Beat_Best_Known_Times: 0 Match_Best_Known_Times: 0 Miss_Best_Known_Times: 4 
