Number_of_Instances_In_Current_Batch: 4

Inst_Index:37 	 City_Num:200 	 Concorde:21.542481 	 MCTS:21.536896 Improve:0.005585 	 Time:8.00 Seconds
Solution: 1 105 147 198 59 158 30 53 100 37 118 55 179 15 166 27 187 67 81 154 144 124 104 97 83 18 137 64 152 9 167 151 129 185 150 57 74 16 162 172 62 14 10 183 186 123 119 32 184 155 194 21 110 196 120 121 176 177 199 171 113 143 71 107 200 156 85 88 182 63 135 134 44 138 170 46 94 33 117 76 23 197 149 60 190 40 39 31 103 75 50 189 86 47 175 195 146 61 34 51 140 111 69 98 96 116 13 115 161 180 93 4 70 7 136 192 82 191 54 19 56 99 145 106 28 130 95 42 84 25 29 73 101 153 159 24 49 22 2 90 127 92 163 193 173 38 108 142 17 79 133 65 174 80 78 126 3 165 132 66 8 12 164 58 112 157 52 160 139 36 128 169 102 77 5 43 168 89 125 6 148 20 131 188 109 41 48 141 45 91 178 181 72 11 26 35 68 87 122 114 

Inst_Index:38 	 City_Num:200 	 Concorde:21.888876 	 MCTS:21.912976 Improve:-0.024100 	 Time:8.00 Seconds
Solution: 1 71 47 70 6 3 107 169 132 164 26 59 197 88 104 142 34 170 79 119 134 7 41 73 65 39 137 144 187 196 102 135 133 199 98 87 185 127 31 146 40 91 125 11 33 189 18 158 83 14 108 22 29 99 159 44 124 24 121 12 89 32 200 130 64 27 9 179 42 86 61 165 94 85 75 182 116 149 90 195 178 28 30 181 129 97 115 148 52 192 175 23 92 126 93 160 57 76 74 122 150 162 35 141 84 156 190 174 110 21 103 55 58 62 56 72 166 153 37 43 63 101 15 168 17 53 5 54 184 155 191 82 19 117 67 38 69 78 96 95 105 80 183 111 136 151 112 198 60 139 177 157 81 188 106 66 173 109 25 45 152 176 51 145 180 100 68 154 118 114 46 147 194 163 50 193 13 138 186 77 143 172 10 16 2 167 131 20 171 128 48 49 123 161 4 36 113 140 8 120 

Inst_Index:39 	 City_Num:200 	 Concorde:21.414689 	 MCTS:21.397061 Improve:0.017627 	 Time:8.00 Seconds
Solution: 1 55 23 112 43 185 113 178 14 72 31 30 128 160 85 58 16 88 45 10 133 125 100 78 3 12 7 101 188 104 193 144 177 91 90 149 199 159 79 162 18 99 36 123 38 20 81 54 9 152 197 53 95 131 39 98 44 168 154 32 34 139 129 109 195 184 74 66 186 59 5 148 75 27 142 82 143 25 161 153 13 191 64 93 77 70 57 87 176 180 124 130 136 92 155 19 8 105 63 65 140 41 190 111 174 76 73 120 116 11 194 187 158 61 151 138 170 62 48 163 141 106 89 192 171 181 96 146 69 56 37 103 94 137 68 21 80 127 165 110 97 173 86 118 164 122 189 196 49 135 114 22 179 108 46 50 24 15 4 47 182 200 6 40 166 26 33 83 134 117 183 145 60 121 52 71 67 115 167 2 175 172 119 147 84 102 126 28 107 150 17 132 51 157 35 156 169 42 29 198 

Inst_Index:40 	 City_Num:200 	 Concorde:21.205338 	 MCTS:21.306961 Improve:-0.101623 	 Time:8.00 Seconds
Solution: 1 5 24 79 16 138 61 140 196 142 35 17 105 111 146 199 120 43 84 166 141 119 183 168 30 160 88 65 181 132 57 7 110 14 6 174 89 58 171 95 47 63 144 41 186 164 31 33 86 40 38 75 62 109 193 152 155 102 153 90 182 12 128 99 3 72 180 189 169 73 81 11 96 151 87 179 129 127 161 113 157 78 167 145 112 56 52 10 173 116 130 66 162 49 80 44 118 139 70 54 198 26 188 106 94 197 2 32 184 25 101 4 191 15 21 159 67 122 192 158 163 121 34 20 135 154 23 68 172 133 175 136 187 83 170 45 176 46 103 156 125 39 18 76 29 114 59 93 42 107 19 200 60 69 165 147 8 178 123 148 190 9 150 126 27 98 37 194 51 134 74 185 71 104 28 55 124 64 97 195 177 108 92 149 115 100 13 22 137 48 77 50 53 36 117 143 91 85 82 131 


Index_In_Batch: 9, Avg_Concorde_Distance: 21.512846 Avg_MCTS_Distance: 21.538474 Avg_Gap: 0.001203 Total_Time: 33.05 Seconds 
 Beat_Best_Known_Times: 2 Match_Best_Known_Times: 0 Miss_Best_Known_Times: 2 
