Number_of_Instances_In_Current_Batch: 4

Inst_Index:117 	 City_Num:200 	 Concorde:21.816725 	 MCTS:21.855825 Improve:-0.039099 	 Time:8.01 Seconds
Solution: 1 173 17 5 66 77 129 10 101 170 157 147 16 44 6 86 171 177 174 145 73 42 175 60 120 127 122 141 181 113 183 103 116 12 89 164 43 90 197 18 104 143 55 64 71 37 32 56 14 121 26 13 109 184 119 84 100 11 62 176 20 132 61 146 152 33 81 111 179 162 180 161 172 192 21 97 23 4 31 133 189 96 19 25 106 48 2 142 168 39 45 194 38 30 63 140 49 144 8 118 75 135 67 85 151 163 9 94 105 134 148 193 125 137 186 47 93 138 190 88 7 196 112 51 82 95 188 65 74 80 76 52 150 108 126 29 34 149 24 36 70 187 136 185 98 200 107 115 57 40 110 3 139 83 169 158 58 131 155 87 35 50 46 124 22 198 182 130 28 41 92 153 167 79 191 154 117 160 59 178 165 195 15 99 159 72 156 123 69 102 166 68 114 128 91 78 27 54 53 199 

Inst_Index:118 	 City_Num:200 	 Concorde:21.291851 	 MCTS:21.434650 Improve:-0.142799 	 Time:8.01 Seconds
Solution: 1 18 87 60 198 122 154 181 161 15 73 68 188 76 28 190 90 29 171 118 95 100 101 162 45 13 12 180 200 93 97 177 104 71 168 50 125 62 184 5 127 164 121 52 160 74 138 7 120 33 114 72 75 8 167 182 4 51 82 83 10 59 165 148 191 43 179 61 23 41 65 49 30 36 197 144 105 85 158 89 20 156 192 94 79 123 107 17 124 58 108 119 98 141 24 128 26 35 31 63 149 14 150 99 102 34 151 84 47 22 153 66 48 132 155 159 46 86 53 103 139 196 54 42 166 40 142 19 140 3 194 110 32 117 183 77 64 96 116 2 111 11 174 6 130 38 157 56 57 81 37 27 163 106 169 92 193 78 187 80 69 21 137 44 67 55 199 173 195 143 146 152 175 16 25 133 131 185 91 135 134 113 147 9 172 88 70 136 109 115 145 178 170 112 176 189 186 126 39 129 

Inst_Index:119 	 City_Num:200 	 Concorde:21.242154 	 MCTS:21.228273 Improve:0.013881 	 Time:8.00 Seconds
Solution: 1 42 131 68 46 36 157 87 166 60 82 99 48 104 132 85 198 5 98 25 129 50 134 65 182 92 117 24 126 161 15 186 130 174 71 22 73 148 119 12 103 124 77 135 133 194 54 200 154 91 19 6 199 67 75 167 100 188 47 122 196 175 34 189 52 28 93 37 123 162 138 94 26 150 176 63 171 136 9 66 64 13 115 118 169 113 195 55 112 106 145 43 116 29 192 181 78 146 110 58 193 170 7 20 173 61 30 32 2 72 180 96 109 197 141 23 89 101 152 57 143 158 164 179 105 159 49 163 18 81 69 70 185 31 41 40 121 95 153 44 8 45 62 137 27 127 35 140 125 183 17 51 38 86 184 97 107 3 90 128 21 168 11 120 139 10 156 151 144 53 74 16 178 187 80 160 83 108 79 177 76 14 149 39 155 190 142 4 56 172 102 84 59 114 191 147 111 165 33 88 

Inst_Index:120 	 City_Num:200 	 Concorde:20.710116 	 MCTS:20.708339 Improve:0.001777 	 Time:8.00 Seconds
Solution: 1 64 140 12 69 77 39 44 167 99 111 128 34 155 175 174 101 66 8 67 172 116 127 150 58 30 129 122 120 28 49 158 90 166 83 70 173 130 139 195 163 31 11 6 199 119 91 16 194 165 193 53 182 41 157 143 200 75 154 115 147 92 162 176 132 15 24 9 186 159 197 86 52 59 89 65 192 23 98 103 171 72 108 151 85 48 188 73 62 100 21 160 146 57 54 74 113 79 33 97 138 148 117 68 180 124 47 136 169 29 84 81 187 3 134 14 80 26 170 107 133 7 60 161 121 144 35 137 189 38 105 4 106 178 5 18 50 102 20 61 168 45 40 118 126 123 183 10 51 185 96 32 125 94 110 37 145 36 71 42 27 88 95 82 191 112 17 181 25 63 19 184 87 196 13 56 104 55 149 135 2 177 152 153 109 114 78 93 179 22 46 141 76 131 142 198 164 43 156 190 


Index_In_Batch: 29, Avg_Concorde_Distance: 21.265212 Avg_MCTS_Distance: 21.306772 Avg_Gap: 0.001940 Total_Time: 33.09 Seconds 
 Beat_Best_Known_Times: 2 Match_Best_Known_Times: 0 Miss_Best_Known_Times: 2 
